0 | 0
1 | 1.1
2 | 1.2
3 | 2
4 | 3
5 | 4.1
6 | 4.2
7 | 5.1
8 | 5.2
9 | 5.3
10 | 5.4
11 | 5.5
12 | 5.6
13 | 5.7
14 | 5.8
15 | 6
16 | 7.1
17 | 7.2
18 | 7.3
19 | 7.4
20 | 7.5
21 | 7.6
22 | 7.7
23 | 7.8
24 | 7.9
25 | 8.1
26 | 8.2
27 | 8.3
28 | 8.4
29 | 8.5
30 | 8.6
31 | 8.7
32 | 8.8
33 | 8.9
34 | 9.1
35 | 9.2
36 | 9.3
37 | 9.4
38 | 9.5
39 | 9.6
40 | 9.7
41 | 9.8
42 | 9.9
43 | 10
44 | 10.1
45 | 10
46 | 10.1
47 | 10.2
48 | 10.3
49 | 10.4
50 | 10.5
51 | 10.6
52 | 10.7
53 | 10.8
54 | 10.9
55 | 11.1
93 | 10.2
94 | 10.3
95 | 10.4
96 | 10.5
97 | 10.6
98 | 10.7
99 | 10
100 | 11.2
101 | 11.3
102 | 12.1
103 | 12.2
104 | 13.1
105 | 13.2
106 | 13.3
107 | 14
108 | 15.1
109 | 15.2
110 | 15.3
111 | 16.1
112 | 16.2
113 | 16.3
114 | 16.4
115 | 17.1
116 | 17.2
117 | 17.3
118 | 18.1
119 | 18.2
120 | 18.3
121 | 19.1
122 | 19.2
123 | 19.3
124 | 20
125 | 21.1
126 | 21.2
127 | 21.3
128 | 21.4
129 | 22
130 | 23.1
131 | 23.2
132 | 24.1
133 | 24.2
134 | 25.1
135 | 25.2
136 | 26.1
137 | 26.2
138 | 27.1
139 | 27.2
140 | 28.1
141 | 28.2
142 | 29
143 | 30.1
144 | 30.2
145 | 30.3
146 | 30.4
147 | 31
148 | 32
149 | 33.1
150 | 33.2
151 | 34
158 | 37.1
152 | 35.1
153 | 35.2
154 | 36.1
155 | 36.2
156 | 37.2
157 | 37.3
159 | 38
160 | 39
161 | 40
162 | 41
163 | 42.1
164 | 42.2
165 | 43.1
166 | 43.2
167 | 43.3
168 | 44.1
169 | 44.2
170 | 45.1
171 | 45.2
172 | 46
173 | 47.1
174 | 47.2
175 | 47.3
176 | 48.1
177 | 49.1
178 | 49.2
179 | 50.1
180 | 50.2
181 | 51
182 | 52.1
183 | 52.2
184 | 52.3
185 | 52.4
186 | 52.5
187 | 52.6
188 | 52.7
189 | 52.8
190 | 52.9
191 | 53
192 | 53.1
193 | 53
194 | 54.1
195 | 54.2
196 | 55.1
197 | 55.2
198 | 55.3
199 | 56.1
200 | 56.2
201 | 56.3
202 | 57.1
203 | 57.2
204 | 57.3
205 | 57.4
206 | 57.5
207 | 57.6
208 | 57.7
209 | 57.8
210 | 58
211 | 59.1
212 | 59.2
213 | 59.3
214 | 59.4
215 | 60.1
216 | 60.2
217 | 61
218 | 62
219 | 63.1
220 | 63.2
221 | 64.1
222 | 64.2
223 | 65
224 | 66.1
225 | 66.2
226 | 66.3
227 | 67
228 | 68
229 | 69
230 | 70
231 | 71
232 | 72.1
233 | 72.2
234 | 73
235 | 74.1
236 | 74.2
237 | 75
238 | 76
239 | 77
240 | 78
241 | 79.1
242 | 79.2
243 | 80
244 | 81.1
245 | 81.2
246 | 82.1
247 | 82.2
248 | 83.1
249 | 83.2
250 | 84.1
251 | 84.2
252 | 85.1
253 | 85.2
254 | 85.3
255 | 85.4
256 | 85.5
257 | 86.1
258 | 86.2
259 | 87
260 | 88.1
261 | 88.2
262 | 89
263 | 90.1
264 | 90.2
265 | 91.1
266 | 91.2
267 | 91.3
268 | 92
269 | 93.1
270 | 93.2
271 | 93.3
272 | 94.1
273 | 94.2
274 | 95.1
275 | 95.2
276 | 95.3
277 | 96.1
278 | 96.2
279 | 97
280 | 98
281 | 99
282 | 100
283 | 101
284 | 102
285 | 103.1
286 | 103.2
287 | 104.1
288 | 104.2
289 | 104.3
290 | 105.1
291 | 105.2
292 | 105.3
293 | 106.1
294 | 106.2
295 | 106.3
296 | 107
297 | 108.1
298 | 108.2
299 | 108.3
300 | 109.1
301 | 109.2
302 | 110.1
303 | 110.2
304 | 110.3
305 | 111
306 | 112.1
307 | 113.1
308 | 113.2
309 | 114
310 | 115
311 | 116
312 | 117
313 | 118
314 | 119.1
315 | 119.2
316 | 119.3
317 | 119.4
318 | 120.1
319 | 120.2
320 | 120.3
321 | 121
322 | 122
323 | 123.1
324 | 123.2
325 | 123.3
326 | 123.4
327 | 124.1
328 | 124.2
329 | 125
330 | 126
331 | 127.1
332 | 127.2
333 | 127.3
334 | 128.1
335 | 128.2
336 | 129
337 | 130
338 | 131.1
339 | 131.2
340 | 132.1
341 | 132.2
342 | 133
343 | 134.1
344 | 134.2
345 | 134.3
346 | 134.4
347 | 135.1
348 | 135.2
349 | 135.3
350 | 135.4
351 | 136.1
352 | 136.2
353 | 137.1
354 | 137.2
355 | 138.1
356 | 138.2
357 | 138.3
358 | 139.1
359 | 139.2
360 | 140
361 | 141.1
362 | 141.2
363 | 142.1
364 | 142.2
365 | 142.3
366 | 142.4
367 | 143.1
368 | 143.2
369 | 144.1
370 | 144.2
371 | 144.3
372 | 145
373 | 146
374 | 147
375 | 148.1
376 | 148.2
377 | 149
378 | 150.1
379 | 150.2
380 | 150.3
381 | 150.4
382 | 151.1
383 | 151.2
384 | 151.3
385 | 152
386 | 153
387 | 154.1
388 | 154.2
389 | 155.1
390 | 155.2
391 | 155.3
392 | 155.4
393 | 155.5
394 | 155.6
395 | 156
396 | 157.1
397 | 158.1
398 | 158.2
399 | 159.1
400 | 159.2
401 | 159.3
402 | 159.4
403 | 160.1
404 | 160.2
405 | 160.3
406 | 161.1
407 | 161.2
408 | 161.3
409 | 161.4
410 | 161.5
411 | 162.1
412 | 162.2
413 | 162.3
414 | 162.4
415 | 163
416 | 164.1
417 | 164.2
418 | 165.1
419 | 165.2
420 | 166.1
421 | 166.2
422 | 166.3
423 | 167
424 | 168.1
425 | 169.1
426 | 169.2
427 | 169.3
428 | 170
429 | 171
430 | 172
431 | 173
432 | 174.1
433 | 174.2
434 | 174.3
435 | 175
436 | 176.1
437 | 176.2
438 | 176.3
439 | 177.1
440 | 177.2
441 | 177.3
442 | 177.4
443 | 178.1
444 | 178.2
445 | 179.1
446 | 179.2
447 | 179.3
448 | 180
449 | 181.1
450 | 181.2
451 | 182.1
452 | 182.2
453 | 182.3
454 | 183.1
455 | 183.2
456 | 183.3
457 | 184.1
458 | 184.2
459 | 185.1
460 | 185.2
461 | 186.1
462 | 186.2
463 | 187
464 | 188
465 | 189.1
466 | 189.2
467 | 190.1
468 | 190.2
469 | 191.1
470 | 191.2
471 | 191.3
472 | 191.4
473 | 191.5
474 | 192
475 | 193.1
476 | 193.2
477 | 193.3
478 | 193.4
479 | 193.5
480 | 194.1
481 | 194.2
482 | 195
483 | 196.1
484 | 196.2
485 | 196.3
486 | 197
487 | 198.1
488 | 198.2
489 | 198.3
490 | 198.4
491 | 199.1
492 | 199.2
493 | 199.3
494 | 200.1
495 | 200.2
496 | 200.3
497 | 200.4
498 | 201
500 | 203
499 | 202
501 | 204.1
502 | 204.2
503 | 205
504 | 206.1
505 | 206.2
506 | 207.1
507 | 207.2
508 | 208.1
509 | 208.2
510 | 209.1
511 | 209.2
512 | 209.3
513 | 210
514 | 211
515 | 212
516 | 213.1
517 | 213.2
518 | 214
519 | 215
520 | 216.1
521 | 216.2
522 | 216.3
523 | 217
524 | 218.1
525 | 218.2
526 | 219
527 | 220.1
528 | 220.2
529 | 221.1
530 | 221.2
531 | 221.3
532 | 222.1
533 | 222.2
534 | 223
535 | 224.1
536 | 224.2
537 | 225
538 | 226.1
539 | 226.2
540 | 227.1
541 | 227.2
542 | 227.3
543 | 228
544 | 229
545 | 230
546 | 231.1
547 | 231.2
548 | 232.1
549 | 232.2
550 | 233.1
551 | 233.2
552 | 233.3
553 | 234.1
554 | 234.2
555 | 235.1
556 | 235.2
557 | 235.3
558 | 235.4
559 | 236
560 | 237.1
561 | 237.2
562 | 237.3
563 | 237.4
564 | 238
565 | 239
566 | 240.1
567 | 240.2
568 | 240.3
569 | 240.4
570 | 241.1
571 | 241.2
572 | 241.3
573 | 242.1
574 | 242.2
575 | 242.3
576 | 243
577 | 244
578 | 245
579 | 246.1
580 | 246.2
581 | 247.1
582 | 247.2
583 | 248
584 | 249.1
585 | 249.2
586 | 250
587 | 251.1
588 | 251.2
589 | 252
590 | 253.1
591 | 253.2
592 | 254
593 | 255.1
594 | 255.2
595 | 255.3
596 | 256
597 | 257.1
598 | 257.2
599 | 258
600 | 259.1
601 | 259.2
602 | 259.3
603 | 260
604 | 261.1
605 | 261.2
606 | 262.1
607 | 262.2
608 | 263
609 | 264
610 | 265
611 | 266.1
612 | 266.2
613 | 267.1
614 | 267.2
615 | 267.3
616 | 268.1
617 | 268.2
618 | 269
619 | 270
620 | 271.1
621 | 271.2
622 | 272.1
623 | 272.2
624 | 273.1
625 | 273.2
626 | 274.1
627 | 274.2
628 | 274.3
629 | 274.4
630 | 274.5
631 | 274.6
632 | 274.7
633 | 274.8
634 | 274.9
635 | 275.1
636 | 275.2
637 | 275.3
638 | 275.4
639 | 276.1
640 | 276.2
641 | 276.3
642 | 277
643 | 278.1
644 | 278.2
645 | 278.3
646 | 278.4
647 | 278.5
648 | 279.1
649 | 279.2
650 | 279.3
651 | 279.4
652 | 279.5
653 | 280.1
654 | 280.2
655 | 281
656 | 282.1
657 | 282.2
658 | 283
659 | 284.1
660 | 284.2
661 | 285
662 | 286.1
663 | 286.2
664 | 286.3
665 | 287.1
666 | 287.2
667 | 287.3
668 | 288.1
669 | 288.2
670 | 288.3
671 | 288.4
672 | 289.1
673 | 289.2
674 | 290
675 | 291.1
676 | 291.2
677 | 292.1
678 | 292.2
679 | 293.1
680 | 293.2
681 | 294
682 | 295
683 | 296
684 | 297.1
685 | 297.2
686 | 297.3
687 | 297.4
688 | 297.5
689 | 298.1
690 | 298.2
691 | 299
692 | 300
693 | 301
694 | 302
695 | 303.1
696 | 303.2
697 | 303.3
698 | 304
699 | 305.1
700 | 305.2
701 | 305.3
702 | 306.1
703 | 306.2
704 | 306.3
705 | 307.1
706 | 307.2
707 | 308
708 | 309
709 | 310
710 | 311
711 | 312
712 | 313.1
713 | 313.2
714 | 314.1
715 | 314.2
716 | 315.1
717 | 315.2
718 | 316.1
719 | 316.2
720 | 316.3
721 | 316.4
722 | 317.1
723 | 317.2
724 | 317.3
725 | 318
726 | 319.1
727 | 319.2
728 | 320
729 | 321.1
730 | 321.2
731 | 321.3
732 | 321.4
733 | 322
734 | 323
735 | 324
736 | 325.1
737 | 325.2
738 | 326.1
739 | 326.2
740 | 327.1
741 | 327.2
742 | 328
743 | 329
744 | 330.1
745 | 330.2
746 | 330.3
747 | 331
748 | 332.1
749 | 332.2
750 | 332.3
751 | 332.4
752 | 332.5
753 | 333.1
754 | 333.2
755 | 334.1
756 | 334.2
757 | 334.3
758 | 334.4
759 | 334.5
760 | 334.6
761 | 335.1
762 | 335.2
763 | 335.3
764 | 336.1
765 | 336.2
766 | 336.3
767 | 337
768 | 338.1
769 | 338.2
770 | 339.1
771 | 340.1
772 | 340.2
773 | 341
774 | 342
775 | 343.1
776 | 343.2
777 | 344
778 | 345
779 | 346.1
780 | 346.2
781 | 347.1
782 | 347.2
783 | 348.1
784 | 348.2
785 | 349
786 | 350
787 | 351
788 | 352
789 | 353
790 | 354.1
791 | 354.2
792 | 355.1
793 | 355.2
794 | 355.3
795 | 356.1
796 | 356.2
797 | 357
798 | 358.1
799 | 358.2
800 | 359.1
801 | 359.2
802 | 360.1
803 | 360.2
804 | 361
805 | 362
806 | 363.1
807 | 363.2
808 | 363.3
809 | 363.4
810 | 364
811 | 365
812 | 366.1
813 | 366.2
814 | 366.3
815 | 366.4
816 | 367.1
817 | 367.2
818 | 368.1
819 | 368.2
820 | 368.3
821 | 368.4
822 | 369
823 | 370
824 | 371
825 | 372
826 | 373
827 | 374.1
828 | 374.2
829 | 374.3
830 | 374.4
831 | 375.1
832 | 375.2
833 | 376.1
834 | 376.2
835 | 376.3
836 | 376.4
837 | 377
838 | 378.1
839 | 378.2
840 | 378.3
841 | 378.4
842 | 379
843 | 380.1
844 | 380.2
845 | 381.1
846 | 381.2
847 | 382
848 | 383
849 | 384
850 | 385
851 | 386
852 | 387.1
853 | 387.2
854 | 388.1
855 | 388.2
856 | 389.1
857 | 389.2
858 | 389.3
859 | 389.4
860 | 389.5
861 | 390.1
862 | 390.2
863 | 390.3
864 | 391.1
865 | 391.2
866 | 391.3
867 | 392.1
868 | 392.2
869 | 392.3
870 | 392.4
871 | 392.5
872 | 392.6
873 | 393
874 | 394.1
875 | 394.2
876 | 394.3
877 | 394.4
878 | 395.1
879 | 395.2
880 | 395.3
881 | 395.4
882 | 396.1
883 | 396.2
884 | 396.3
885 | 397.1
886 | 397.2
887 | 398.1
888 | 398.2
889 | 398.3
890 | 399.1
891 | 399.2
892 | 399.3
893 | 399.4
894 | 400.1
895 | 400.2
896 | 401
897 | 402.1
898 | 402.2
899 | 402.3
900 | 402.4
901 | 402.5
902 | 403.1
903 | 403.2
904 | 404.1
905 | 404.2
906 | 404.3
907 | 405
908 | 406.1
909 | 406.2
910 | 406.3
911 | 407
912 | 408
913 | 409.1
914 | 409.2
915 | 410.1
916 | 410.2
917 | 410.3
918 | 410.4
919 | 410.5
920 | 410.6
921 | 411.1
922 | 411.2
923 | 411.3
924 | 411.4
925 | 411.5
926 | 412.1
927 | 412.2
928 | 413.1
929 | 413.2
930 | 414.1
931 | 414.2
932 | 415.1
933 | 415.2
934 | 416
935 | 417
936 | 418.1
937 | 418.2
938 | 418.3
939 | 418.4
940 | 418.5
941 | 418.6
942 | 418.7
943 | 418.8
944 | 419.1
945 | 419.2
946 | 419.3
947 | 419.4
948 | 420
949 | 421.1
950 | 421.2
951 | 421.3
952 | 275.5
953 | 275.6
954 | 422.1
955 | 422.2
956 | 422.3
957 | 423
958 | 424
959 | 425.1
960 | 425.2
961 | 426.1
962 | 426.2
963 | 427.1
964 | 427.2
965 | 427.3
966 | 428
967 | 429
968 | 430.1
969 | 430.2
970 | 431.1
971 | 431.2
972 | 432.1
973 | 432.2
974 | 432.3
975 | 433
976 | 434
977 | 435
978 | 436.1
979 | 436.2
980 | 436.3
981 | 437
982 | 438.1
983 | 438.2
984 | 439
985 | 440.1
986 | 440.2
987 | 441
988 | 442.1
989 | 442.2
990 | 442.3
991 | 442.4
992 | 442.5
993 | 442.6
994 | 442.7
995 | 442.8
996 | 443.1
997 | 443.2
998 | 444
999 | 445.1
1000 | 445.2
1001 | 446
1002 | 447.1
1003 | 447.2
1004 | 448.1
1005 | 448.2
1006 | 449
1007 | 450.1
1008 | 450.2
1009 | 450.3
1010 | 450.4
1011 | 450.5
1012 | 451.1
1013 | 451.2
1014 | 452.1
1015 | 452.2
1016 | 453.1
1017 | 453.2
1018 | 453.3
1019 | 453.4
1020 | 454.1
1021 | 454.2
1022 | 455
1023 | 456
1024 | 457.1
1025 | 457.2
1026 | 457.3
1027 | 458.1
1028 | 458.2
1029 | 459
1030 | 460
1031 | 461.1
1032 | 461.2
1033 | 462.1
1034 | 462.2
1035 | 463.1
1036 | 463.2
1037 | 464.1
1038 | 464.2
1039 | 464.3
1040 | 465.1
1041 | 465.2
1042 | 465.3
1043 | 465.4
1044 | 466.1
1045 | 466.2
1046 | 467.1
1047 | 467.2
1048 | 467.3
1049 | 467.4
1050 | 468.1
1051 | 468.2
1052 | 469.1
1053 | 469.2
1054 | 469.3
1055 | 470.1
1056 | 470.2
1057 | 471.1
1058 | 471.2
1059 | 471.3
1060 | 472
1061 | 473
1062 | 474.1
1063 | 474.2
1064 | 474.3
1065 | 474.4
1066 | 475
1067 | 476.1
1068 | 476.2
1069 | 476.3
1070 | 476.4
1071 | 477
1072 | 478.1
1073 | 478.2
1074 | 479.1
1075 | 479.2
1076 | 480.1
1077 | 480.2
1078 | 480.3
1079 | 480.4
1080 | 480.5
1081 | 480.6
1082 | 481
1083 | 482
1084 | 483
1085 | 484.1
1086 | 484.2
1087 | 484.3
1088 | 484.4
1089 | 485
1090 | 486
1091 | 487.1
1092 | 487.2
1093 | 488
1094 | 489
1095 | 490.1
1096 | 490.2
1097 | 490.3
1098 | 490.4
1099 | 490.5
1100 | 491
1101 | 492
1102 | 493.1
1103 | 493.2
1104 | 494
1105 | 495.1
1106 | 495.2
1107 | 496
1108 | 497.1
1109 | 497.2
1110 | 498
1111 | 499.1
1112 | 499.2
1113 | 500.1
1114 | 500.2
1115 | 501.1
1116 | 501.2
1117 | 502.1
1118 | 502.2
1119 | 503.1
1120 | 503.2
1121 | 503.3
1122 | 503.4
1123 | 503.5
1124 | 504.1
1125 | 504.2
1126 | 504.3
1127 | 504.4
1128 | 505.1
1129 | 505.2
1130 | 506.1
1131 | 506.2
1132 | 507.1
1133 | 507.2
1134 | 508
1135 | 509.1
1136 | 509.2
1137 | 510.1
1138 | 510.2
1139 | 511
1140 | 512.1
1141 | 512.2
1142 | 512.3
1143 | 512.4
1144 | 512.5
1145 | 512.6
1146 | 513.1
1147 | 514
1148 | 515.1
1149 | 515.2
1150 | 515.3
1151 | 516
1152 | 517.1
1153 | 517.2
1154 | 517.3
1155 | 517.4
1156 | 518.1
1157 | 518.2
1158 | 518.3
1159 | 519.1
1160 | 519.2
1161 | 520.1
1162 | 520.2
1163 | 521.1
1164 | 521.2
1165 | 522.1
1166 | 522.2
1167 | 523.1
1168 | 523.2
1169 | 523.3
1170 | 523.4
1171 | 523.5
1172 | 523.6
1173 | 524.1
1174 | 524.2
1175 | 524.3
1176 | 525.1
1177 | 525.2
1178 | 526.1
1179 | 526.2
1180 | 527
1181 | 528.1
1182 | 528.2
1183 | 528.3
1184 | 529
1185 | 530.1
1186 | 530.2
1187 | 531
1188 | 532
1189 | 533.1
1190 | 533.2
1191 | 534.1
1192 | 534.2
1193 | 534.3
1194 | 535.1
1195 | 535.2
1196 | 535.3
1197 | 535.4
1198 | 536
1199 | 537.1
1200 | 537.2
1201 | 538.1
1202 | 538.2
1203 | 539.1
1204 | 539.2
1205 | 540.1
1206 | 540.2
1207 | 540.3
1208 | 540.4
1209 | 541.1
1210 | 541.2
1211 | 542
1212 | 543.1
1213 | 543.2
1214 | 543.3
1215 | 543.4
1216 | 544.1
1217 | 544.2
1218 | 545
1219 | 546.1
1220 | 546.2
1221 | 546.3
1222 | 546.4
1223 | 547.1
1224 | 547.2
1225 | 548.1
1226 | 548.2
1227 | 549
1228 | 550.1
1229 | 550.2
1230 | 551
1231 | 552.1
1232 | 552.2
1233 | 553
1234 | 554.1
1235 | 554.2
1236 | 555.1
1237 | 555.2
1238 | 556.1
1239 | 556.2
1240 | 556.3
1241 | 557.1
1242 | 557.2
1243 | 558
1244 | 559.1
1245 | 559.2
1246 | 560.1
1247 | 560.2
1248 | 561.1
1249 | 561.2
1250 | 562.1
1251 | 562.2
1252 | 563
1253 | 564.1
1254 | 564.2
1255 | 564.3
1256 | 565
1257 | 566
1258 | 567.1
1259 | 567.2
1260 | 568.1
1261 | 568.2
1262 | 569.1
1263 | 569.2
1264 | 569.3
1265 | 389.6
1266 | 569.4
1267 | 569.5
1268 | 569.6
1269 | 570.1
1270 | 570.2
1271 | 570.3
1272 | 571.1
1273 | 571.2
1274 | 572.1
1275 | 572.2
1276 | 572.3
1277 | 572.4
1278 | 572.5
1279 | 572.6
1280 | 572.7
1281 | 572.8
1282 | 572.9
1283 | 573.1
1284 | 573.2
1285 | 573.3
1286 | 573.4
1287 | 573.5
1288 | 573.6
1289 | 573.7
1290 | 573.8
1291 | 573.9
1292 | 574.1
1293 | 574.2
1294 | 574.3
1295 | 575.1
1296 | 575.2
1297 | 576
1298 | 577
1299 | 578.1
1300 | 578.2
1301 | 578.3
1302 | 578.4
1303 | 578.5
1304 | 578.6
1305 | 578.7
1306 | 578.8
1307 | 579.1
1308 | 579.2
1309 | 580.1
1310 | 580.2
1311 | 580.3
1312 | 580.4
1313 | 581.1
1314 | 581.2
1315 | 582
1316 | 583.1
1317 | 583.2
1318 | 583.3
1319 | 584
1320 | 585
1321 | 586.1
1322 | 586.2
1323 | 587
1324 | 588.1
1325 | 589.1
1326 | 588.2
1327 | 588.3
1328 | 588.4
1329 | 588.5
1330 | 588.6
1331 | 588.7
1332 | 588.8
1334 | 591
1335 | 592.1
1333 | 590
1336 | 592.2
1337 | 592.3
1338 | 593.1
1339 | 593.2
1340 | 593.3
1341 | 593.4
1342 | 593.5
1343 | 594.1
1344 | 594.2
1345 | 594.3
1346 | 594.4
1347 | 595.1
1348 | 595.2
1349 | 596.1
1350 | 596.2
1351 | 596.3
1352 | 597.1
1353 | 597.2
1354 | 598.1
1355 | 598.2
1356 | 599
1357 | 600
1358 | 601
1359 | 602.1
1360 | 602.2
1361 | 602.3
1362 | 602.4
1363 | 603.1
1364 | 603.2
1365 | 604.1
1366 | 604.2
1367 | 605.1
1368 | 605.2
1369 | 605.3
1370 | 606
1371 | 607.1
1372 | 607.2
1373 | 607.3
1374 | 608
1375 | 609.1
1376 | 609.2
1377 | 609.3
1378 | 609.4
1379 | 610.1
1380 | 610.2
1381 | 611.1
1382 | 611.2
1383 | 611.3
1384 | 611.4
1385 | 612.1
1386 | 612.2
1387 | 612.3
1388 | 612.4
1389 | 612.5
1390 | 612.6
1391 | 613.1
1392 | 613.2
1393 | 614.1
1394 | 614.2
1401 | 617.1
1402 | 617.2
1403 | 617.3
1395 | 615.1
1396 | 615.2
1397 | 615.3
1398 | 615.4
1399 | 615.5
1400 | 616
1404 | 618
1405 | 619.1
1406 | 619.2
1407 | 620
1408 | 621.1
1409 | 621.2
1410 | 621.3
1411 | 621.4
1412 | 622
1413 | 623
1414 | 624
1415 | 625.1
1416 | 625.2
1417 | 626.1
1418 | 626.2
1419 | 626.3
1420 | 627.1
1421 | 627.2
1422 | 627.3
1423 | 627.4
1424 | 627.5
1425 | 627.6
1426 | 628
1427 | 629
1428 | 630.1
1429 | 630.2
1430 | 631.1
1431 | 631.2
1432 | 632.1
1433 | 632.2
1434 | 633.1
1435 | 633.2
1436 | 634.1
1437 | 634.2
1438 | 635.1
1439 | 635.2
1440 | 636
1441 | 637.1
1442 | 637.2
1443 | 638.1
1444 | 638.2
1445 | 638.3
1446 | 639.1
1447 | 639.2
1448 | 640.1
1449 | 640.2
1450 | 640.3
1451 | 641
1452 | 642
1453 | 643.1
1454 | 643.2
1455 | 644.1
1456 | 644.2
1457 | 645.1
1458 | 645.2
1459 | 645.3
1460 | 646.1
1461 | 646.2
1462 | 647.1
1463 | 647.2
1464 | 647.3
1465 | 648.1
1466 | 648.2
1467 | 648.3
1468 | 648.4
1469 | 648.5
1470 | 648.6
1471 | 648.7
1472 | 649.1
1473 | 649.2
1474 | 649.3
1475 | 649.4
1476 | 649.5
1477 | 650.1
1478 | 650.2
1479 | 650.3
1480 | 650.4
1481 | 651.1
1482 | 651.2
1483 | 651.3
1484 | 651.4
1485 | 652
1486 | 653
1487 | 654.1
1488 | 654.2
1489 | 655.1
1490 | 655.2
1491 | 656.1
1492 | 656.2
1493 | 657.1
1494 | 657.2
1495 | 657.3
1496 | 33.3
1497 | 33.4
1498 | 33.5
1499 | 658
1500 | 659
1501 | 660.1
1502 | 660.2
1503 | 660.3
1504 | 513.2
1505 | 661
1506 | 649.6
1507 | 649.7
1508 | 649.8
1509 | 649.9
1510 | 650.5
1511 | 650.6
1512 | 650.7
1513 | 662
1514 | 663.1
1515 | 663.2
1516 | 663.3
1517 | 663.4
1518 | 664
1519 | 665.1
1520 | 665.2
1521 | 666
1522 | 667
1523 | 668
1524 | 669
1525 | 670.1
1526 | 670.2
1527 | 670.3
1528 | 671
1529 | 672.1
1530 | 672.2
1531 | 672.3
1532 | 673.1
1533 | 673.2
1534 | 673.3
1535 | 674.1
1536 | 674.2
1537 | 674.3
1538 | 674.4
1539 | 674.5
1540 | 675.1
1541 | 675.2
1542 | 675.3
1543 | 675.4
1544 | 676
1545 | 677.1
1546 | 677.2
1547 | 677.3
1548 | 677.4
1549 | 677.5
1550 | 677.6
1551 | 677.7
1552 | 677.8
1553 | 677.9
1554 | 678.1
1555 | 678.2
1556 | 678.3
1557 | 679.1
1558 | 679.2
1559 | 679.3
1560 | 680.1
1561 | 680.2
1562 | 681
1563 | 682.1
1564 | 682.2
1565 | 683
1566 | 684.1
1567 | 684.2
1568 | 684.3
1569 | 684.4
1570 | 685.1
1571 | 685.2
1572 | 685.3
1573 | 686.1
1574 | 686.2
1575 | 687.1
1576 | 687.2
1577 | 688.1
1578 | 688.2
1579 | 689.1
1580 | 689.2
1581 | 690.1
1582 | 690.2
1583 | 691
1584 | 692.1
1585 | 692.2
1586 | 693.1
1587 | 693.2
1588 | 693.3
1589 | 693.4
1590 | 694.1
1591 | 694.2
1592 | 694.3
1593 | 694.4
1594 | 694.5
1595 | 694.6
1596 | 695.1
1597 | 695.2
1598 | 696.1
1599 | 696.2
1600 | 697.1
1601 | 697.2
1602 | 697.3
1603 | 698
1604 | 699.1
1605 | 699.2
1606 | 699.3
1607 | 699.4
1608 | 699.5
1609 | 699.6
1610 | 700.1
1611 | 700.2
1612 | 700.3
1613 | 700.4
1614 | 700.5
1615 | 700.6
1616 | 700.7
1617 | 700.8
1618 | 700.9
1619 | 701
1620 | 702
1621 | 703.1
1622 | 703.2
1623 | 703.3
1624 | 703.4
1625 | 704.1
1626 | 704.2
1627 | 704.3
1628 | 705.1
1629 | 705.2
1630 | 705.3
1631 | 706.1
1632 | 706.2
1633 | 705.4
1634 | 705.5
1635 | 705.6
1636 | 705.7
1637 | 705.8
1638 | 707.1
1639 | 707.2
1640 | 708.1
1641 | 708.2
1642 | 709.1
1643 | 709.2
1644 | 710.1
1645 | 710.2
1646 | 710.3
1647 | 710.4
1648 | 710.5
1649 | 711.1
1650 | 711.2
1651 | 712
1652 | 713.1
1653 | 713.2
1654 | 714.1
1655 | 714.2
1656 | 715.1
1657 | 715.2
1658 | 715.3
1659 | 716
1660 | 717.1
1661 | 717.2
1662 | 718
1663 | 719.1
1664 | 719.2
1665 | 719.3
1666 | 719.4
1667 | 336.4
1668 | 336.5
1669 | 336.6
1670 | 336.7
1671 | 720
1672 | 721.1
1673 | 721.2
1674 | 721.3
1675 | 722
1676 | 723.1
1677 | 723.2
1678 | 723.3
1679 | 723.4
1680 | 723.5
1681 | 724.1
1682 | 724.2
1683 | 724.3
1684 | 724.4
1685 | 724.5
1686 | 724.6
1687 | 724.7
1688 | 725.1
1689 | 725.2
1690 | 726
1691 | 727.1
1692 | 727.2
1693 | 727.3
1694 | 728.1
1695 | 728.2
1696 | 728.3
1697 | 728.4
1698 | 729
1699 | 730.1
1700 | 730.2
1701 | 730.3
1702 | 730.4
1703 | 730.5
1704 | 731.1
1705 | 731.2
1706 | 731.3
1707 | 731.4
1708 | 732.1
1709 | 732.2
1710 | 732.3
1711 | 732.4
1712 | 733.1
1713 | 733.2
1714 | 734
1715 | 735.1
1716 | 735.2
1717 | 736.1
1718 | 736.2
1719 | 736.3
1720 | 737.1
1721 | 737.2
1722 | 737.3
1723 | 738.1
1724 | 738.2
1725 | 738.3
1726 | 738.4
1727 | 738.5
1728 | 739
1729 | 740
1730 | 741
1731 | 742
1732 | 743.1
1733 | 743.2
1734 | 744.1
1735 | 744.2
1736 | 745.1
1737 | 745.2
1738 | 745.3
1739 | 746.1
1740 | 746.2
1741 | 746.3
1742 | 746.4
1743 | 746.5
1744 | 746.6
1745 | 747
1746 | 748.1
1747 | 748.2
1748 | 749.1
1749 | 749.2
1750 | 749.3
1751 | 749.4
1752 | 749.5
1753 | 750
1754 | 751.1
1755 | 751.2
1756 | 751.3
1757 | 752.1
1758 | 752.2
1759 | 753
1760 | 749.6
1761 | 749.7
1762 | 749.8
1763 | 749.9
1764 | 754.1
1765 | 754.2
1766 | 755.1
1767 | 755.2
1768 | 756.1
1769 | 756.2
1770 | 757.1
1771 | 757.2
1772 | 758.1
1773 | 758.2
1774 | 758.3
1775 | 758.4
1776 | 758.5
1777 | 758.6
1778 | 758.7
1779 | 759.1
1780 | 759.2
1781 | 760.1
1782 | 760.2
1783 | 761.1
1784 | 761.2
1785 | 762.1
1786 | 762.2
1787 | 762.3
1788 | 763.1
1789 | 763.2
1790 | 763.3
1791 | 763.4
1792 | 763.5
1793 | 763.6
1794 | 763.7
1795 | 763.8
1796 | 763.9
1797 | 764
1798 | 764.1
1799 | 764.2
1800 | 764.3
1801 | 764.4
1802 | 764.5
1803 | 764
1804 | 765
1805 | 766
1806 | 767
1807 | 768
1808 | 769.1
1809 | 769.2
1810 | 769.3
1811 | 770
1812 | 771.1
1813 | 771.2
1814 | 772
1815 | 773.1
1816 | 773.2
1817 | 774
1818 | 775
1819 | 776
1820 | 777.1
1821 | 777.2
1822 | 778
1823 | 779
1824 | 780
1825 | 781.1
1826 | 781.2
1827 | 782.1
1828 | 782.2
1829 | 783.1
1830 | 783.2
1831 | 784.1
1832 | 784.2
1833 | 785.1
1834 | 785.2
1835 | 786
1836 | 787
1837 | 788.1
1838 | 788.2
1839 | 789.1
1840 | 789.2
1841 | 790.1
1842 | 790.2
1843 | 790.3
1844 | 791
1845 | 792.1
1846 | 792.2
1847 | 792.3
1848 | 793.1
1849 | 793.2
1850 | 793.3
1851 | 793.4
1852 | 793.5
1853 | 794.1
1854 | 794.2
1855 | 794.3
1856 | 795.1
1857 | 795.2
1858 | 795.3
1859 | 796
1860 | 797.1
1861 | 797.2
1862 | 798.1
1863 | 798.2
1864 | 799.1
1865 | 799.2
1866 | 799.3
1867 | 800.1
1868 | 800.2
1869 | 800.3
1870 | 801.1
1871 | 801.2
1872 | 802
1873 | 803
1874 | 804.1
1875 | 804.2
1876 | 805
1877 | 806
1878 | 807.1
1879 | 807.2
1880 | 808.1
1881 | 808.2
1882 | 808.3
1883 | 809.1
1884 | 809.2
1885 | 810
1886 | 811.1
1887 | 811.2
1888 | 812.1
1889 | 812.2
1890 | 813
1891 | 814.1
1892 | 814.2
1893 | 814.3
1894 | 815.1
1895 | 815.2
1896 | 816
1897 | 817.1
1898 | 817.2
1899 | 818.1
1900 | 818.2
1901 | 818.3
1902 | 819.1
1903 | 819.2
1904 | 820.1
1905 | 820.2
1906 | 821.1
1907 | 821.2
1908 | 822.1
1909 | 822.2
1910 | 822.3
1911 | 822.4
1912 | 822.5
1913 | 822.6
1914 | 823.1
1915 | 823.2
1916 | 824.1
1917 | 824.2
1918 | 824.3
1919 | 824.4
1920 | 825
1921 | 826.1
1922 | 826.2
1923 | 827.1
1924 | 828.1
1925 | 828.2
1926 | 829
1927 | 830.1
1928 | 830.2
1929 | 831
1930 | 832
1931 | 833.1
1932 | 833.2
1933 | 834
1934 | 835.1
1935 | 835.2
1936 | 835.3
1937 | 835.4
1938 | 836
1939 | 837
1940 | 838.1
1941 | 838.2
1942 | 839.1
1943 | 839.2
1944 | 839.3
1945 | 840.1
1946 | 840.2
1947 | 841
1948 | 842
1949 | 843.1
1950 | 843.2
1951 | 844.1
1952 | 844.2
1953 | 844.3
1954 | 844.4
1955 | 845.1
1956 | 845.2
1957 | 846.1
1958 | 847.1
1959 | 847.2
1960 | 846.2
1961 | 848.1
1962 | 848.2
1963 | 849
1964 | 850.1
1965 | 851.1
1966 | 851.2
1967 | 851.3
1968 | 851.4
1969 | 852.1
1970 | 852.2
1971 | 852.3
1972 | 852.4
1973 | 852.5
1974 | 852.6
1975 | 853
1976 | 854.1
1977 | 854.2
1978 | 855.1
1979 | 855.2
1980 | 855.3
1981 | 855.4
1982 | 856.1
1983 | 856.2
1984 | 850.2
1985 | 850.3
1986 | 850.4
1987 | 857.1
1988 | 857.2
1989 | 858.1
1990 | 858.2
1991 | 859
1992 | 860.1
1993 | 860.2
1994 | 861
1995 | 862.1
1996 | 862.2
1997 | 863.1
1998 | 863.2
1999 | 863.3
2000 | 863.4
2001 | 864
2002 | 865
2003 | 866.1
2004 | 866.2
2005 | 867.1
2006 | 867.2
2007 | 867.3
2008 | 868
2009 | 869
2010 | 870
2011 | 871
2012 | 872.1
2013 | 872.2
2014 | 873.1
2015 | 873.2
2016 | 874.1
2017 | 874.2
2018 | 875.1
2019 | 875.2
2020 | 875.3
2021 | 875.4
2022 | 875.5
2023 | 875.6
2024 | 875.7
2025 | 876
2026 | 877.1
2027 | 877.2
2028 | 878.1
2029 | 878.2
2030 | 878.3
2031 | 879.1
2032 | 879.2
2033 | 879.3
2034 | 880.1
2035 | 880.2
2036 | 881.1
2037 | 881.2
2038 | 881.3
2039 | 882.1
2040 | 882.2
2041 | 882.3
2042 | 883.1
2043 | 883.2
2044 | 884.1
2045 | 884.2
2046 | 884.3
2047 | 885.1
2048 | 885.2
2049 | 886.1
2050 | 886.2
2051 | 887
2052 | 888
2053 | 889
2054 | 890.1
2055 | 890.2
2056 | 890.3
2057 | 884.4
2058 | 884.5
2059 | 891.1
2060 | 891.2
2061 | 892.1
2062 | 892.2
2063 | 892.3
2064 | 892.4
2065 | 892.5
2066 | 892.6
2067 | 892.7
2068 | 892.8
2069 | 893
2070 | 894.1
2071 | 894.2
2072 | 894.3
2073 | 894.4
2074 | 895
2075 | 896.1
2076 | 896.2
2077 | 896.3
2078 | 897.1
2079 | 897.2
2080 | 897.3
2081 | 897.4
2082 | 897.5
2083 | 898
2084 | 899.1
2085 | 899.2
2086 | 899.3
2087 | 900.1
2088 | 900.2
2089 | 901.1
2090 | 901.2
2091 | 901.3
2092 | 901.4
2093 | 901.5
2094 | 902.1
2095 | 902.2
2096 | 901.6
2097 | 901.7
2098 | 903.1
2099 | 903.2
2100 | 904.1
2101 | 904.2
2102 | 904.3
2103 | 905.1
2104 | 905.2
2105 | 905.3
2106 | 906.1
2107 | 906.2
2108 | 906.3
2109 | 907.1
2110 | 907.2
2111 | 908
2112 | 909
2113 | 910
2114 | 911.1
2115 | 911.2
2116 | 911.3
2117 | 912
2118 | 913.1
2119 | 913.2
2120 | 913.3
2121 | 914
2122 | 915
2123 | 916.1
2124 | 916.2
2125 | 917
2126 | 918.1
2127 | 918.2
2128 | 918.3
2129 | 919
2130 | 920.1
2131 | 920.2
2132 | 921.1
2133 | 921.2
2134 | 922
2135 | 923.1
2136 | 923.2
2137 | 924
2138 | 925
2139 | 926.1
2140 | 926.2
2141 | 926.3
2142 | 927.1
2143 | 927.2
2144 | 927.3
2145 | 927.4
2146 | 927.5
2147 | 927.6
2148 | 927.7
2149 | 928.1
2150 | 928.2
2151 | 929
2152 | 930
2153 | 931
2154 | 932.1
2155 | 932.2
2156 | 932.3
2157 | 933.1
2158 | 933.2
2159 | 933.3
2160 | 934
2161 | 935.1
2162 | 935.2
2163 | 936.1
2164 | 936.2
2165 | 937
2166 | 938.1
2167 | 938.2
2168 | 939.1
2169 | 939.2
2170 | 939.3
2171 | 939.4
2172 | 939.5
2173 | 939.6
2174 | 939.7
2175 | 939.8
2176 | 939.9
2177 | 940.1
2178 | 940.2
2179 | 941.1
2180 | 941.2
2181 | 941.3
2182 | 941.4
2183 | 942.1
2184 | 942.2
2185 | 943
2186 | 944.1
2187 | 944.2
2188 | 944.3
2189 | 945.1
2190 | 945.2
2191 | 945.3
2192 | 945.4
2193 | 945.5
2194 | 945.6
2195 | 945.7
2196 | 946.1
2197 | 946.2
2198 | 947
2199 | 948
2200 | 949.1
2201 | 949.2
2202 | 950.1
2203 | 950.2
2204 | 951.1
2205 | 951.2
2206 | 951.3
2207 | 952.1
2208 | 952.2
2209 | 952.3
2210 | 953
2211 | 954.1
2212 | 954.2
2213 | 954.3
2214 | 955
2215 | 956
2216 | 957
2217 | 958.1
2218 | 958.2
2219 | 958.3
2220 | 959.1
2221 | 959.2
2222 | 960.1
2223 | 960.2
2224 | 960.3
2225 | 961.1
2226 | 961.2
2227 | 962.1
2228 | 962.2
2229 | 962.3
2230 | 962.4
2231 | 962.5
2232 | 963.1
2233 | 963.2
2234 | 963.3
2235 | 964.1
2236 | 964.2
2237 | 964.3
2238 | 965.1
2239 | 965.2
2240 | 966
2241 | 967
2242 | 968
2243 | 969.1
2244 | 969.2
2245 | 970.1
2246 | 970.2
2247 | 970.3
2248 | 971.1
2249 | 971.2
2250 | 972.1
2251 | 972.2
2252 | 973.1
2253 | 973.2
2254 | 973.3
2255 | 974.1
2256 | 974.2
2257 | 975
2258 | 976.1
2259 | 976.2
2260 | 977.1
2261 | 977.2
2262 | 978
2263 | 979.1
2264 | 979.2
2265 | 979.3
2266 | 979.4
2267 | 979.5
2268 | 979.6
2269 | 979.7
2270 | 979.8
2271 | 980
2272 | 981
2273 | 982.1
2274 | 982.2
2275 | 982.3
2276 | 982.4
2277 | 983
2278 | 984.1
2279 | 984.2
2280 | 984.3
2281 | 984.4
2282 | 984.5
2283 | 985.1
2284 | 985.2
2285 | 985.3
2286 | 985.4
2287 | 985.5
2288 | 986.1
2289 | 986.2
2290 | 987.1
2291 | 987.2
2292 | 987.3
2293 | 987.4
2294 | 987.5
2295 | 987.6
2296 | 988.1
2297 | 988.2
2298 | 989.1
2299 | 989.2
2300 | 990.1
2301 | 990.2
2302 | 991.1
2303 | 991.2
2304 | 94.3
2305 | 94.4
2306 | 992.1
2307 | 992.2
2308 | 993.1
2309 | 993.2
2310 | 994
2311 | 995
2312 | 996
2313 | 997.1
2314 | 997.2
2315 | 998.1
2316 | 998.2
2317 | 999
2318 | 1000.1
2319 | 1000.2
2320 | 1001.1
2321 | 1001.2
2322 | 1002.1
2323 | 1002.2
2324 | 1003.1
2325 | 1003.2
2326 | 1004.1
2327 | 1004.2
2328 | 1005
2329 | 1006
2330 | 1007.1
2331 | 1007.2
2332 | 1007.3
2333 | 1008.1
2334 | 1008.2
2335 | 1009
2336 | 1010
2337 | 1011
2338 | 1012
2339 | 157.2
2340 | 157.3
2341 | 1013
2342 | 1014.1
2343 | 1014.2
2344 | 1014.3
2345 | 1014.4
2346 | 1015
2347 | 1016.1
2348 | 1016.2
2349 | 1016.3
2350 | 1016.4
2351 | 1017.1
2352 | 1017.2
2353 | 1017.3
2354 | 1017.4
2355 | 1018.1
2356 | 1018.2
2357 | 1019
2358 | 1020
2359 | 1021.1
2360 | 1021.2
2361 | 1021.3
2362 | 1022
2363 | 1023
2364 | 1024.1
2365 | 1024.2
2366 | 1024.3
2367 | 1024.4
2368 | 1025.1
2369 | 1025.2
2370 | 1026
2371 | 1027.1
2372 | 1027.2
2373 | 1027.3
2374 | 1028.1
2375 | 1029.1
2376 | 1029.2
2377 | 1029.3
2378 | 1029.4
2379 | 1031.1
2380 | 1031.2
2381 | 1031.3
2382 | 1032.1
2383 | 1032.2
2384 | 1032.3
2385 | 1033
2386 | 1034
2387 | 1035
2388 | 1036
2389 | 1037.1
2390 | 1038.1
2391 | 1038.2
2392 | 1037.2
2393 | 1039.1
2394 | 1039.2
2395 | 1039.3
2396 | 1040.1
2397 | 1040.2
2398 | 1040.3
2399 | 1041
2400 | 1042.1
2401 | 1042.2
2402 | 1042.3
2403 | 1043
2404 | 1044
2405 | 1045.1
2406 | 1045.2
2407 | 1045.3
2408 | 1045.4
2409 | 1045.5
2410 | 1046.1
2411 | 1046.2
2412 | 1047.1
2413 | 1047.2
2414 | 1047.3
2415 | 1048.1
2416 | 1048.2
2417 | 1048.3
2418 | 1049
2419 | 1050
2420 | 1051
2421 | 1052.1
2422 | 1052.2
2423 | 1052.3
2424 | 1053.1
2425 | 1053.2
2426 | 1054
2427 | 1055.1
2428 | 1056
2429 | 1057.1
2430 | 1057.2
2431 | 1058.1
2432 | 1058.2
2433 | 150.5
2434 | 150.6
2435 | 150.7
2436 | 1059.1
2437 | 1059.2
2438 | 1059.3
2439 | 1059.4
2440 | 1059.5
2441 | 1059.6
2442 | 1059.7
2443 | 1060.1
2444 | 1060.2
2445 | 1060.3
2446 | 1061
2447 | 1062.1
2448 | 1062.2
2449 | 1063.1
2450 | 1063.2
2451 | 1064.1
2452 | 1064.2
2453 | 1064.3
2454 | 1064.4
2455 | 1064.5
2456 | 1064.6
2457 | 1065.1
2458 | 1065.2
2459 | 1065.3
2460 | 1065.4
2461 | 1065.5
2462 | 1066.1
2463 | 1066.2
2464 | 1066.3
2465 | 1066.4
2466 | 1066.5
2467 | 1066.6
2468 | 1066.7
2469 | 1067
2470 | 1068.1
2471 | 1068.2
2472 | 1068.3
2473 | 1069.1
2474 | 1069.2
2475 | 1069.3
2476 | 1070.1
2477 | 1070.2
2478 | 1071.1
2479 | 1071.2
2480 | 1071.3
2481 | 1072.1
2482 | 1072.2
2483 | 1073.1
2484 | 1073.2
2485 | 1074
2486 | 1075.1
2487 | 1075.2
2488 | 1075.3
2489 | 1075.4
2490 | 1076
2491 | 1077
2492 | 1078.1
2493 | 1078.2
2494 | 989.3
2495 | 1079.1
2496 | 1079.2
2497 | 1079.3
2498 | 1080.1
2499 | 1080.2
2500 | 1080.3
2501 | 1080.4
2502 | 1080.5
2503 | 1080.6
2504 | 1080.7
2505 | 1080.8
2506 | 1080.9
2507 | 1081.1
2508 | 1081.2
2509 | 1081.3
2510 | 1081.4
2511 | 1081.5
2512 | 1081.6
2513 | 1081.7
2514 | 1081.8
2515 | 1081.9
2516 | 1082.1
2517 | 1082.2
2518 | 1082.3
2519 | 1082.4
2520 | 1083
2521 | 1084.1
2522 | 1084.2
2523 | 1085.1
2524 | 1085.2
2525 | 1086.1
2526 | 1086.2
2527 | 1086.3
2528 | 1087
2529 | 1088.1
2530 | 1088.2
2531 | 1089.1
2532 | 1089.2
2533 | 1090
2534 | 1091.1
2535 | 1091.2
2536 | 1092.1
2537 | 1092.2
2538 | 1092.3
2539 | 1092.4
2540 | 1092.5
2541 | 1093.1
2542 | 1093.2
2543 | 1093.3
2544 | 1094.1
2545 | 1094.2
2546 | 1094.3
2547 | 1094.4
2548 | 1094.5
2549 | 1095
2550 | 1096.1
2551 | 1096.2
2552 | 1097.1
2553 | 1097.2
2554 | 1098.1
2555 | 1098.2
2556 | 1099.1
2557 | 1099.2
2558 | 1100
2559 | 1101.1
2560 | 1101.2
2561 | 1101.3
2562 | 1101.4
2563 | 1102.1
2564 | 1102.2
2565 | 1102.3
2566 | 1103.1
2567 | 1103.2
2568 | 1103.3
2569 | 1103.4
2570 | 1104.1
2571 | 1104.2
2572 | 1105
2573 | 1106.1
2574 | 1106.2
2575 | 1106.3
2576 | 1106.4
2577 | 1106.5
2578 | 1106.6
2579 | 1106.7
2580 | 1106.8
2581 | 1106.9
2582 | 1107.1
2583 | 1107.2
2584 | 1107.3
2585 | 1107.4
2586 | 1107.5
2587 | 1107.6
2588 | 1108
2589 | 1109.1
2590 | 1109.2
2591 | 1109.3
2592 | 1109.4
2593 | 1110
2594 | 1109.5
2595 | 1111.1
2596 | 1111.2
2597 | 1111.3
2598 | 1111.4
2599 | 1111.5
2600 | 1111.6
2601 | 1112.1
2602 | 1112.2
2603 | 1112.3
2604 | 1113.1
2605 | 1113.2
2606 | 1113.3
2607 | 1113.4
2608 | 1113.5
2609 | 1113.6
2610 | 1114.1
2611 | 1114.2
2612 | 1115.1
2613 | 1115.2
2614 | 1115.3
2615 | 1116.1
2616 | 1116.2
2617 | 1116.3
2618 | 1116.4
2619 | 1117
2620 | 1118.1
2621 | 1118.2
2622 | 1119.1
2623 | 1119.2
2624 | 1120
2625 | 1121.1
2626 | 1121.2
2627 | 1121.3
2628 | 1121.4
2629 | 1121.5
2630 | 1122.1
2631 | 1122.2
2632 | 1123.1
2633 | 1123.2
2634 | 1123.3
2635 | 1123.4
2636 | 1124
2637 | 1125.1
2638 | 1125.2
2639 | 1125.3
2640 | 1125.4
2641 | 1125.5
2642 | 1126.1
2643 | 1126.2
2644 | 1126.3
2645 | 1126.4
2646 | 1126.5
2647 | 1126.6
2648 | 1127.1
2649 | 1127.2
2650 | 1127.3
2651 | 1127.4
2652 | 1128
2653 | 1129.1
2654 | 1129.2
2655 | 1129.3
2656 | 1130.1
2657 | 1130.2
2658 | 1130.3
2659 | 1130.4
2660 | 1131.1
2661 | 1131.2
2662 | 1132.1
2663 | 1132.2
2664 | 1133.1
2665 | 1133.2
2666 | 1134.1
2667 | 1134.2
2668 | 1135
2669 | 1136.1
2670 | 1136.2
2671 | 1137
2672 | 1138.1
2673 | 827.2
2674 | 1138.2
2675 | 1139
2676 | 1140
2677 | 1141.1
2678 | 1141.2
2679 | 1142.1
2680 | 1142.2
2681 | 1143.1
2682 | 1143.2
2683 | 1144.1
2684 | 1144.2
2685 | 1145.1
2686 | 1145.2
2687 | 1146.1
2688 | 1146.2
2689 | 1146.3
2690 | 1146.4
2691 | 1146.5
2692 | 1147
2693 | 1148.1
2694 | 1148.2
2695 | 1148.3
2696 | 1148.4
2697 | 1149.1
2698 | 1149.2
2699 | 1149.3
2700 | 1149.4
2701 | 1149.5
2702 | 1150
2703 | 1151.1
2704 | 1151.2
2705 | 1151.3
2706 | 1151.4
2707 | 1151.5
2708 | 1151.6
2709 | 1151.7
2710 | 1152
2711 | 1153.1
2712 | 1153.2
2713 | 1153.3
2714 | 1154.1
2715 | 1154.2
2716 | 1155
2717 | 1156.1
2718 | 1156.2
2719 | 1156.3
2720 | 1156.4
2721 | 1156.5
2722 | 1156.6
2723 | 782.3
2724 | 1157.1
2725 | 1157.2
2726 | 1157.3
2727 | 1157.4
2728 | 1158
2729 | 1159.1
2730 | 1159.2
2731 | 1159.3
2732 | 1159.4
2733 | 1159.5
2734 | 1159.6
2735 | 1159.7
2736 | 1159.8
2737 | 1159.9
2738 | 1160
2739 | 1160.1
2740 | 1160.2
2741 | 1160.3
2742 | 1160.4
2743 | 1160.5
2744 | 1160
2745 | 1161.1
2746 | 1162.1
2747 | 1162.2
2748 | 1162.3
2749 | 1162.4
2750 | 1162.5
2751 | 1161.2
2752 | 1161.3
2753 | 1161.4
2754 | 1161.5
2755 | 1163.1
2756 | 1163.2
2757 | 1163.3
2758 | 1164.1
2759 | 1164.2
2760 | 1164.3
2761 | 1165.1
2762 | 1165.2
2763 | 1165.3
2764 | 1165.4
2765 | 1165.5
2766 | 1165.6
2767 | 1165.7
2768 | 1166
2769 | 1167.1
2770 | 1167.2
2771 | 1167.3
2772 | 1167.4
2773 | 1167.5
2774 | 1167.6
2775 | 1168
2776 | 1169
2777 | 762.4
2778 | 762.5
2779 | 1170
2780 | 1171.1
2781 | 1171.2
2782 | 1172.1
2783 | 1172.2
2784 | 1172.3
2785 | 1173.1
2786 | 1173.2
2787 | 1174
2788 | 1175
2789 | 1176.1
2790 | 1176.2
2791 | 1177.1
2792 | 1177.2
2793 | 1177.3
2794 | 1178.1
2795 | 1178.2
2796 | 1178.3
2797 | 1179
2798 | 1180.1
2799 | 1180.2
2800 | 1180.3
2801 | 1180.4
2802 | 1180.5
2803 | 1181.1
2804 | 1181.2
2805 | 1182.1
2806 | 1182.2
2807 | 1182.3
2808 | 1183.1
2809 | 1183.2
2810 | 1183.3
2811 | 1184.1
2812 | 1184.2
2813 | 1184.3
2814 | 1184.4
2815 | 1185
2816 | 1186.1
2817 | 1186.2
2818 | 1187.1
2819 | 1187.2
2820 | 1187.3
2821 | 1187.4
2822 | 1187.5
2823 | 1188
2824 | 1189.1
2825 | 1189.2
2826 | 1189.3
2827 | 1189.4
2828 | 1189.5
2829 | 1189.6
2830 | 1189.7
2831 | 1189.8
2832 | 1190.1
2833 | 1190.2
2834 | 1190.3
2835 | 1190.4
2836 | 1190.5
2837 | 1190.6
2838 | 1190.7
2839 | 1190.8
2840 | 1190.9
2841 | 1191
2842 | 1192.1
2843 | 1192.2
2844 | 1192.3
2845 | 1193.1
2846 | 1193.2
2847 | 1193.3
2848 | 1194.1
2849 | 1194.2
2850 | 1195
2851 | 1196.1
2852 | 1196.2
2853 | 1196.3
2854 | 1196.4
2855 | 1196.5
2856 | 1196.6
2857 | 1196.7
2858 | 1196.8
2859 | 1196.9
2860 | 1197
2861 | 1198.1
2862 | 1198.2
2863 | 1198.3
2864 | 1198.4
2865 | 1198.5
2866 | 1198.6
2867 | 1198.7
2868 | 1199.1
2869 | 1200.1
2870 | 1200.2
2871 | 1200.3
2872 | 1199.2
2873 | 1199.3
2874 | 1199.4
2875 | 1199.5
2876 | 1199.6
2877 | 1201.1
2878 | 1201.2
2879 | 1201.3
2880 | 1201.4
2881 | 1201.5
2882 | 1201.6
2883 | 1201.7
2884 | 1201.8
2885 | 1202.1
2886 | 1203
2887 | 1204.1
2888 | 1204.2
2889 | 1205.1
2890 | 1205.2
2891 | 1206.1
2892 | 1206.2
2893 | 1206.3
2894 | 1206.4
2895 | 1206.5
2896 | 1206.6
2897 | 1206.7
2898 | 1206.8
2899 | 1206.9
2900 | 1207.1
2901 | 1207.2
2902 | 1207.3
2903 | 1207.4
2904 | 1207.5
2905 | 1208.1
2906 | 1208.2
2907 | 1208.3
2908 | 1209
2909 | 1210
2910 | 1211.1
2911 | 1211.2
2912 | 1211.3
2913 | 1211.4
2914 | 1211.5
2915 | 1211.6
2916 | 1211.7
2917 | 1211.8
2918 | 1211.9
2919 | 1212
2920 | 1212.1
2921 | 1212.2
2922 | 1212.3
2923 | 1212.4
2924 | 1212.5
2925 | 1212.6
2926 | 1212.7
2927 | 1212.8
2928 | 1212.9
2929 | 1213.1
2930 | 1213.2
2931 | 1213.3
2932 | 1213.4
2933 | 1213.5
2934 | 1213.6
2935 | 1213.7
2936 | 1212
2937 | 1213.8
2938 | 1213.9
2939 | 1214
2947 | 1217.1
2948 | 1217.2
2949 | 1216
2951 | 1218.1
2950 | 1218.2
2952 | 1218.3
2953 | 1218.4
2954 | 1219.1
2955 | 1219.2
2956 | 1220
2957 | 1221.1
2958 | 1221.2
2959 | 1221.3
2960 | 1221.4
2961 | 1222
2962 | 1223.1
2963 | 1223.2
2964 | 1223.3
2965 | 1224.1
2966 | 1224.2
2967 | 1224.3
2968 | 1224.4
2969 | 1225.1
2970 | 1225.2
2971 | 1225.3
2972 | 1226.1
2973 | 1226.2
2974 | 1226.3
2975 | 1226.4
2976 | 1226.5
2977 | 1226.6
2978 | 1226.7
2979 | 1226.8
2980 | 1226.9
2981 | 1227
2982 | 1227
2983 | 1228
2984 | 1229.1
2985 | 1229.2
2986 | 1229.3
2987 | 1229.4
2988 | 1229.5
2989 | 1230.1
2990 | 1230.2
2991 | 1230.3
2992 | 1230.4
2993 | 1230.5
2994 | 1231
2995 | 1232.1
2996 | 1232.2
2997 | 1233.1
2998 | 1233.2
2999 | 1234.1
3000 | 1234.2
3001 | 1235
3002 | 1236.1
3003 | 1236.2
3004 | 1237
3005 | 1238.1
3006 | 1238.2
3007 | 1239.1
3008 | 1239.2
3009 | 1240.1
3010 | 1240.2
3011 | 1240.3
3012 | 1240.4
3013 | 1240.5
3014 | 1241
3015 | 1242
3016 | 1243.1
3017 | 1243.2
3018 | 1244.1
3019 | 1244.2
3020 | 1245
3021 | 1246.1
3022 | 1246.2
3023 | 1247
3024 | 1248
3025 | 1249
3026 | 1250.1
3027 | 1250.2
3028 | 1251.1
3029 | 1251.2
3030 | 1252.1
3031 | 1252.2
3032 | 1252.3
3033 | 1253.1
3034 | 1253.2
3035 | 1254.1
3036 | 1255.1
3037 | 1255.2
3038 | 1256.1
3039 | 1256.2
3040 | 1257.1
3041 | 1257.2
3042 | 1258.1
3043 | 1258.2
3044 | 1259.1
3045 | 1259.2
3046 | 1259.3
3047 | 1260
3048 | 1261.1
3049 | 1261.2
3050 | 1261.3
3051 | 1262.1
3052 | 1262.2
3053 | 1263.1
3054 | 1263.2
3055 | 1264.1
3056 | 1264.2
3057 | 1264.3
3058 | 1265
3059 | 1266.1
3060 | 1266.2
3061 | 1267.1
3062 | 1267.2
3063 | 1267.3
3064 | 1268.1
3065 | 1268.2
3066 | 1269
3067 | 1270.1
3068 | 1270.2
3069 | 1270.3
3070 | 1270.4
3071 | 1271.1
3072 | 1271.2
3073 | 1272
3074 | 1273.1
3075 | 1273.2
3076 | 1274
3077 | 1275
3078 | 1276
3079 | 1277.1
3080 | 1277.2
3081 | 1277.3
3082 | 1277.4
3083 | 1277.5
3084 | 1278
3085 | 1279.1
3086 | 1279.2
3087 | 1280.1
3088 | 1281
3089 | 1282.1
3090 | 1282.2
3091 | 1283.1
3092 | 1283.2
3093 | 1283.3
3094 | 1283.4
3095 | 1284.1
3096 | 1284.2
3097 | 1285.1
3098 | 1285.2
3099 | 1280.2
3100 | 1280.3
3101 | 1280.4
3102 | 1280.5
3103 | 1280.6
3104 | 1280.7
3105 | 1286.1
3106 | 1286.2
3107 | 1286.3
3108 | 1287.1
3109 | 1287.2
3110 | 703.5
3111 | 1288.1
3112 | 1288.2
3113 | 1288.3
3114 | 1288.4
3115 | 1288.5
3116 | 1289.1
3117 | 1289.2
3118 | 1290.1
3119 | 1290.2
3120 | 1290.3
3121 | 1290.4
3122 | 1291.1
3123 | 1291.2
3124 | 1292.1
3125 | 1292.2
3126 | 1293.1
3127 | 1293.2
3128 | 1293.3
3129 | 1294
3130 | 1295
3131 | 1296.1
3132 | 1296.2
3133 | 1296.3
3134 | 1296.4
3135 | 1296.5
3136 | 1296.6
3137 | 1297
3138 | 1298.1
3139 | 1298.2
3140 | 1299.1
3141 | 1299.2
3142 | 1299.3
3143 | 1300
3144 | 1301.1
3145 | 1301.2
3146 | 1301.3
3147 | 1301.4
3148 | 1302.1
3149 | 1302.2
3150 | 1303
3151 | 1304
3152 | 1305.1
3153 | 1305.2
3154 | 1305.3
3155 | 1305.4
3156 | 1306.1
3157 | 1306.2
3158 | 1306.3
3159 | 1306.4
3160 | 1306.5
3161 | 1306.6
3162 | 1306.7
3163 | 1306.8
3164 | 1307
3165 | 1308
3166 | 1309
3167 | 1310.1
3168 | 1310.2
3169 | 1311.1
3170 | 1311.2
3171 | 1311.3
3172 | 1312
3173 | 1313
3174 | 1314.1
3175 | 1314.2
3176 | 1314.3
3177 | 1315.1
3178 | 1315.2
3179 | 1316
3180 | 1317.1
3181 | 1317.2
3182 | 1317.3
3183 | 1317.4
3184 | 1317.5
3185 | 1318.1
3186 | 1318.2
3187 | 1318.3
3188 | 1318.4
3189 | 1318.5
3190 | 1318.6
3191 | 1319.1
3192 | 1319.2
3193 | 1320
3194 | 1321.1
3195 | 1321.2
3196 | 1321.3
3197 | 1321.4
3198 | 1321.5
3199 | 1321.6
3200 | 1321.7
3201 | 1321.8
3202 | 1321.9
3203 | 1322.1
3204 | 1322.2
3205 | 1322.3
3206 | 1322.4
3207 | 1322.5
3208 | 1322.6
3209 | 1322.7
3210 | 1322.8
3211 | 1323.1
3212 | 1323.2
3213 | 1323.3
3214 | 1324.1
3215 | 1324.2
3216 | 1325.1
3217 | 1325.2
3218 | 1326
3219 | 1327
3220 | 1328.1
3221 | 1328.2
3222 | 1214.1
3223 | 1214.2
3224 | 1214.3
3225 | 1214
3226 | 1214.1
3227 | 1214.2
3228 | 1214.3
3229 | 1214.4
3230 | 1329.1
3231 | 1329.2
3232 | 1329.3
3233 | 1329.4
3234 | 1329.5
3235 | 1329.6
3236 | 1329.7
3237 | 1330
3238 | 1331
3239 | 1332
3240 | 1333.1
3241 | 1333.2
3242 | 1333.3
3243 | 1333.4
3244 | 1333.5
3245 | 1333.6
3246 | 1333.7
3247 | 1333.8
3248 | 1333.9
3249 | 1334
3250 | 1334.1
3251 | 1334
3252 | 1335
3253 | 1336.1
3254 | 1336.2
3255 | 1336.3
3256 | 1336.4
3257 | 1337.1
3258 | 1338.1
3259 | 1338.2
3262 | 827.3
3263 | 827.4
3264 | 827.5
3265 | 827.6
3266 | 1339.1
3267 | 1339.2
3268 | 1339.3
3269 | 1339.4
3270 | 1340.1
3271 | 1340.2
3272 | 1341.1
3273 | 1341.2
3274 | 1341.3
3260 | 1338.3
3261 | 827.7
3275 | 1342
3276 | 1343.1
3277 | 1343.2
3278 | 1344.1
3279 | 1344.2
3280 | 1345.1
3281 | 1345.2
3282 | 1257.3
3283 | 1257.4
3284 | 1257.5
3285 | 1346.1
3286 | 1346.2
3287 | 1347
3288 | 1348
3289 | 1349.1
3290 | 1349.2
3291 | 1350.1
3292 | 1350.2
3293 | 1350.3
3294 | 1351.1
3295 | 1351.2
3296 | 1351.3
3297 | 1352.1
3298 | 1352.2
3299 | 1352.3
3300 | 1352.4
3301 | 1352.5
3302 | 1353.1
3303 | 1353.2
3304 | 1354
3305 | 1355.1
3306 | 1355.2
3307 | 1356
3308 | 1357
3309 | 1358.1
3310 | 1358.2
3311 | 1359.1
3312 | 1359.2
3313 | 1360.1
3314 | 1360.2
3315 | 1361.1
3316 | 1361.2
3317 | 1362
3318 | 1363.1
3319 | 1363.2
3320 | 1364
3321 | 1365.1
3322 | 1365.2
3323 | 1366.1
3324 | 1366.2
3325 | 1368
3326 | 1369
3327 | 1370.1
3328 | 1370.2
3329 | 1370.3
3330 | 1371.1
3331 | 1371.2
3332 | 1372.1
3333 | 1372.2
3334 | 1373.1
3335 | 1373.2
3336 | 1374.1
3337 | 1374.2
3338 | 1374.3
3339 | 1374.4
3340 | 1374.5
3341 | 1375
3342 | 1376.1
3343 | 1376.2
3344 | 1377.1
3345 | 1377.2
3346 | 1377.3
3347 | 1378.1
3348 | 1378.2
3349 | 1378.3
3350 | 1379
3351 | 1380
3352 | 1381
3353 | 1382.1
3354 | 1382.2
3355 | 1383
3356 | 1384
3357 | 1385
3358 | 1386.1
3359 | 1386.2
3360 | 1386.3
3361 | 1387.1
3362 | 1387.2
3363 | 1387.3
3364 | 1388.1
3365 | 1388.2
3366 | 1389.1
3367 | 1389.2
3368 | 1390.1
3369 | 1390.2
3370 | 1391
3371 | 1392.1
3372 | 1393.1
3373 | 1393.2
3374 | 1394.1
3375 | 1394.2
3376 | 1394.3
3377 | 1394.4
3378 | 1394.5
3379 | 1395.1
3380 | 1395.2
3381 | 1395.3
3382 | 1395.4
3383 | 1396
3384 | 1397.1
3385 | 1397.2
3386 | 1397.3
3387 | 1398.1
3388 | 1398.2
3389 | 1399.1
3390 | 1399.2
3391 | 1399.3
3392 | 1399.4
3393 | 1399.5
3394 | 1399.6
3395 | 1399.7
3396 | 1399.8
3397 | 1399.9
3398 | 1400.1
3399 | 1400.2
3400 | 1400.3
3401 | 1400.4
3402 | 1400.5
3403 | 1401
3404 | 1402.1
3405 | 1402.2
3406 | 1402.3
3407 | 1403.1
3408 | 1403.2
3409 | 1403.3
3410 | 1404.1
3411 | 1404.2
3412 | 1404.3
3413 | 1405.1
3414 | 1405.2
3415 | 1405.3
3416 | 1405.4
3417 | 1405.5
3418 | 1405.6
3419 | 1406.1
3420 | 1406.2
3421 | 1406.3
3422 | 1406.4
3423 | 1406.5
3424 | 1406.6
3425 | 1406.7
3426 | 1406.8
3427 | 1406.9
3428 | 1407.1
3429 | 1407.2
3430 | 1407.3
3431 | 1407.4
3432 | 1407.5
3433 | 1407.6
3434 | 1407.7
3435 | 1407.8
3436 | 1408.1
3437 | 1408.2
3438 | 1408.3
3439 | 1408.4
3440 | 1408.5
3441 | 1408.6
3442 | 1408.7
3443 | 1408.8
3444 | 1408.9
3445 | 1409.1
3446 | 1409.2
3447 | 1409.3
3448 | 1409.4
3449 | 1409.5
3450 | 1409.6
3451 | 1410.1
3452 | 1410.2
3453 | 1411
3454 | 1412.1
3455 | 1412.2
3456 | 1412.3
3457 | 1412.4
3458 | 1413.1
3459 | 1413.2
3460 | 1413.3
3461 | 1413.4
3462 | 1413.5
3463 | 1413.6
3464 | 1414
3465 | 1415.1
3466 | 1415.2
3467 | 1415.3
3468 | 1415.4
3469 | 1416.1
3470 | 1416.2
3471 | 1417
3472 | 1418
3473 | 1419.1
3474 | 1419.2
3475 | 1420
3476 | 1421.1
3477 | 1421.2
3478 | 1421.3
3479 | 1422.1
3480 | 1422.2
3481 | 1422.3
3482 | 1422.4
3483 | 1423.1
3484 | 1423.2
3485 | 1424.1
3486 | 1424.2
3487 | 1425.1
3488 | 1425.2
3489 | 1426
3490 | 1427.1
3491 | 1427.2
3492 | 1427.3
3493 | 1427.4
3494 | 1427.5
3495 | 1427.6
3496 | 1427.7
3497 | 1365.3
3498 | 1365.4
3499 | 154.3
3500 | 1365.5
3501 | 1365.6
3502 | 1428.1
3503 | 1428.2
3504 | 1428.3
3505 | 1428.4
3506 | 1428.5
3507 | 1428.6
3508 | 1428.7
3509 | 1429.1
3510 | 1429.2
3511 | 1429.3
3512 | 1429.4
3513 | 1429.5
3514 | 1429.6
3515 | 1429.7
3516 | 1429.8
3517 | 1429.9
3518 | 1430.1
3519 | 1430.2
3520 | 1431
3521 | 1432.1
3522 | 1432.2
3523 | 1432.3
3524 | 1432.4
3525 | 1432.5
3526 | 1433.1
3527 | 1433.2
3528 | 1433.3
3529 | 1433.4
3530 | 1433.5
3531 | 1433.6
3532 | 1433.7
3533 | 1434.1
3534 | 1434.2
3535 | 1435.1
3536 | 1435.2
3537 | 1435.3
3538 | 1436.1
3539 | 1436.2
3540 | 1436.3
3541 | 1436.4
3542 | 1437.1
3543 | 1437.2
3544 | 1438.1
3545 | 1438.2
3546 | 1438.3
3547 | 1438.4
3548 | 1438.5
3549 | 1438.6
3550 | 1438.7
3551 | 1438.8
3552 | 1438.9
3553 | 1439.1
3554 | 1439.2
3555 | 1439.3
3556 | 1439.4
3557 | 1439.5
3558 | 1439.6
3559 | 1440.1
3560 | 1440.2
3561 | 1440.3
3562 | 1441.1
3563 | 1441.2
3564 | 1442.1
3565 | 1442.2
3566 | 1442.3
3567 | 1443
3568 | 1444.1
3569 | 1444.2
3570 | 1444.3
3571 | 1445.1
3572 | 1445.2
3573 | 1445.3
3574 | 1445.4
3575 | 1445.5
3576 | 1445.6
3577 | 1445.7
3578 | 1445.8
3579 | 1445.9
3580 | 1446.1
3581 | 1446.2
3582 | 1446.3
3583 | 1447.1
3584 | 1447.2
3585 | 1448
3586 | 1449.1
3587 | 1449.2
3588 | 1449.3
3589 | 1449.4
3590 | 1450
3591 | 1451.1
3592 | 1451.2
3593 | 1451.3
3594 | 1451.4
3595 | 1451.5
3596 | 1451.6
3597 | 1452.1
3598 | 1452.2
3599 | 1452.3
3600 | 1453.1
3601 | 1453.2
3602 | 1453.3
3603 | 1453.4
3604 | 1453.5
3605 | 1454
3606 | 1455.1
3607 | 1455.2
3608 | 1456.1
3609 | 1456.2
3610 | 1456.3
3611 | 1456.4
3612 | 1456.5
3613 | 1457.1
3614 | 1457.2
3615 | 1458.1
3616 | 1458.2
3617 | 1459.1
3618 | 1459.2
3619 | 1459.3
3620 | 1459.4
3621 | 1460.1
3622 | 1460.2
3623 | 1460.3
3624 | 1460.4
3625 | 1460.5
3626 | 1461.1
3627 | 1461.2
3628 | 1462
3629 | 1463.1
3630 | 1463.2
3631 | 1464.1
3632 | 1464.2
3633 | 1465.1
3634 | 1465.2
3635 | 1466
3636 | 715.4
3637 | 715.5
3638 | 715.6
3639 | 715.7
3640 | 715.8
3641 | 715.9
3642 | 716
3643 | 716.1
3644 | 716.2
3645 | 1467.1
3646 | 1467.2
3647 | 1468.1
3648 | 1468.2
3649 | 1469
3650 | 1470.1
3651 | 1470.2
3652 | 1471.1
3653 | 1471.2
3654 | 1471.3
3655 | 1471.4
3656 | 1471.5
3657 | 1471.6
3658 | 1471.7
3659 | 1471.8
3660 | 1471.9
3661 | 1472.1
3662 | 1472.2
3663 | 1472.3
3664 | 1472.4
3665 | 1472.5
3666 | 1472.6
3667 | 1472.7
3668 | 1472.8
3669 | 1472.9
3670 | 1473.1
3671 | 1473.2
3672 | 1473.3
3673 | 1473.4
3674 | 1473.5
3675 | 1473.6
3676 | 1473.7
3677 | 1473.8
3678 | 1474.1
3679 | 1474.2
3680 | 1474.3
3681 | 1475.1
3682 | 1476.1
3683 | 1476.2
3684 | 1477.1
3685 | 1477.2
3686 | 1477.3
3687 | 1477.4
3688 | 1477.5
3689 | 1477.6
3690 | 1478
3691 | 1479.1
3692 | 1479.2
3693 | 1479.3
3694 | 1479.4
3695 | 1479.5
3696 | 1475.2
3697 | 1480.1
3698 | 1480.2
3699 | 1480.3
3700 | 1480.4
3701 | 1480.5
3702 | 1480.6
3703 | 1480.7
3704 | 1480.8
3705 | 1480.9
3706 | 1481.1
3707 | 1481.2
3708 | 1481.3
3709 | 1481.4
3710 | 1481.5
3711 | 1481.6
3712 | 1481.7
3713 | 1481.8
3714 | 1481.9
3715 | 1482
3716 | 1482
3717 | 1482.1
3718 | 1482
3719 | 1482.2
3720 | 1482.3
3721 | 1483
3722 | 1484
3723 | 1485.1
3724 | 1485.2
3725 | 1486.1
3726 | 1487.1
3727 | 1488.1
3728 | 1489
3729 | 1486.2
3730 | 1487.2
3731 | 1488.2
3732 | 1488.3
3733 | 1488.4
3734 | 1486.3
3735 | 1490.1
3736 | 1490.2
3737 | 1490.3
3738 | 1490.4
3739 | 1491
3740 | 938.3
3741 | 938.4
3742 | 938.5
3743 | 1492.1
3744 | 1492.2
3745 | 1492.3
3746 | 1493.1
3747 | 1493.2
3748 | 1493.3
3749 | 1493.4
3750 | 1493.5
3751 | 1493.6
3752 | 1494.1
3753 | 1494.2
3754 | 1494.3
3755 | 1495.1
3756 | 1495.2
3757 | 1496
3758 | 1497.1
3759 | 1497.2
3760 | 1497.3
3761 | 1498.1
3762 | 1498.2
3763 | 1498.3
3764 | 1499.1
3765 | 1499.2
3766 | 1500.1
3767 | 1500.2
3768 | 1500.3
3769 | 1500.4
3770 | 1501.1
3771 | 1501.2
3772 | 1502.1
3773 | 1503.1
3774 | 1503.2
3775 | 1503.3
3776 | 1504.1
3777 | 1504.2
3778 | 1504.3
3779 | 1504.4
3780 | 1504.5
3781 | 1504.6
3782 | 1504.7
3783 | 1504.8
3784 | 1504.9
3785 | 1505
3786 | 1505.1
3787 | 1505
3788 | 1506.1
3789 | 1506.2
3790 | 1507
3791 | 1508.1
3792 | 1508.2
3793 | 1508.3
3794 | 1370.4
3795 | 1509.1
3796 | 1509.2
3797 | 1509.3
3798 | 1509.4
3799 | 1510.1
3800 | 1510.2
3801 | 1511.1
3802 | 1511.2
3803 | 1511.3
3804 | 1511.4
3805 | 1511.5
3806 | 1512.1
3807 | 1512.2
3808 | 1513
3809 | 1514.1
3810 | 1514.2
3811 | 1412.5
3812 | 1412.6
3813 | 1515.1
3814 | 1515.2
3815 | 1515.3
3816 | 1515.4
3817 | 1515.5
3818 | 1516
3819 | 1517.1
3820 | 1517.2
3821 | 1518
3822 | 1519.1
3823 | 1519.2
3824 | 1520
3825 | 1521
3826 | 1522.1
3827 | 1522.2
3828 | 1523.1
3829 | 1523.2
3830 | 1524.1
3831 | 1524.2
3832 | 1524.3
3833 | 1524.4
3834 | 1524.5
3835 | 1524.6
3836 | 1524.7
3837 | 1525.1
3838 | 1525.2
3839 | 1525.3
3840 | 1526.1
3841 | 1527.1
3842 | 1526.2
3843 | 1526.3
3844 | 1526.4
3845 | 1526.5
3846 | 1527.2
3847 | 1527.3
3848 | 1528.1
3849 | 1528.2
3850 | 1529
3851 | 1530.1
3852 | 1530.2
3853 | 1531.1
3854 | 1531.2
3855 | 1531.3
3856 | 1531.4
3857 | 1531.5
3858 | 1532.1
3859 | 1532.2
3860 | 1533.1
3861 | 1533.2
3862 | 1534.1
3863 | 1534.2
3864 | 1535
3865 | 1534.3
3866 | 1534.4
3867 | 1534.5
3868 | 1534.6
3869 | 1534.7
3870 | 1534.8
3871 | 1536.1
3872 | 1536.2
3873 | 1537
3874 | 1538.1
3875 | 1534.9
3876 | 1539.1
3877 | 1538.2
3878 | 1539.2
3879 | 1539.3
3880 | 1539.4
3881 | 1539.5
3882 | 1539.6
3883 | 1539.7
3884 | 1539.8
3885 | 1539.9
3886 | 1540.1
3887 | 1540.2
3888 | 1540.3
3889 | 1540.4
3890 | 1540.5
3891 | 1540.6
3892 | 1541
3893 | 1542.1
3894 | 1542.2
3895 | 1542.3
3896 | 1542.4
3897 | 1542.5
3898 | 1542.6
3899 | 1542.7
3900 | 1542.8
3901 | 1543.1
3902 | 1543.2
3903 | 1543.3
3904 | 1543.4
3905 | 1543.5
3906 | 1543.6
3907 | 1543.7
3908 | 1536.3
3909 | 1536.4
3910 | 1536.5
3911 | 1536.6
3912 | 1536.7
3913 | 1536.8
3914 | 1536.9
3915 | 1537
3916 | 1537.1
3917 | 1537.2
3918 | 1537.3
3919 | 1537.4
3920 | 1537.5
3921 | 1537.6
3922 | 1537.7
3923 | 1537.8
3924 | 1537.9
3925 | 1538.3
3926 | 1538.4
3927 | 1538.5
3928 | 1538.6
3929 | 1538.7
3930 | 1538.8
3931 | 1544
3932 | 1538.9
3933 | 1545
3934 | 1546
3935 | 1547.1
3936 | 1547.2
3937 | 1547.3
3938 | 1547.4
3939 | 1547.5
3940 | 1547.6
3941 | 1547.7
3942 | 1547.8
3943 | 1547.9
3944 | 1548.1
3945 | 1548.2
3946 | 1548.3
3947 | 1548.4
3948 | 1548.5
3949 | 1548.6
3950 | 1548.7
3951 | 1548.8
3952 | 1548.9
3953 | 1549.1
3954 | 1549.2
3955 | 1549.3
3956 | 1549.4
3957 | 1550.1
3958 | 1550.2
3959 | 1550.3
3960 | 1550.4
3961 | 1550.5
3962 | 1551.1
3963 | 1551.2
3964 | 1551.3
3965 | 1551.4
3966 | 1551.5
3967 | 1551.6
3968 | 1552.1
3969 | 1552.2
3970 | 1552.3
3971 | 1552.4
3972 | 1552.5
3973 | 1553.1
3974 | 1553.2
3975 | 1554.1
3976 | 1554.2
3977 | 1555.1
3978 | 1555.2
3979 | 1555.3
3980 | 1554.3
3981 | 1556.1
3982 | 1556.2
3983 | 1557
3984 | 1558.1
3985 | 1558.2
3986 | 1558.3
3987 | 1559.1
3988 | 1559.2
3989 | 1559.3
3990 | 1559.4
3991 | 1559.5
3992 | 1559.6
3993 | 1560.1
3994 | 1560.2
3995 | 1560.3
3996 | 1560.4
3997 | 1561
3998 | 1562.1
3999 | 1562.2
4000 | 1563.1
4001 | 1563.2
4002 | 1564.1
4003 | 1564.2
4004 | 1565.1
4005 | 1565.2
4006 | 1566.1
4007 | 1566.2
4008 | 1566.3
4009 | 1567.1
4010 | 1567.2
4011 | 1568.1
4012 | 1568.2
4013 | 1568.3
4014 | 1568.4
4015 | 1569
4016 | 1570.1
4017 | 1570.2
4018 | 1570.3
4019 | 1571
4020 | 1572
4021 | 1573.1
4022 | 1573.2
4023 | 1574.1
4024 | 1574.2
4025 | 1574.3
4026 | 1574.4
4027 | 1574.5
4028 | 1574.6
4029 | 1574.7
4030 | 1575.1
4031 | 1575.2
4032 | 1575.3
4033 | 1575.4
4034 | 1575.5
4035 | 1575.6
4036 | 1576.1
4037 | 1576.2
4038 | 1577.1
4039 | 1577.2
4040 | 1577.3
4041 | 1202.2
4042 | 1202.3
4043 | 1578
4044 | 1579.1
4045 | 1579.2
4046 | 1580.1
4047 | 1580.2
4048 | 1581.1
4049 | 1581.2
4050 | 1582.1
4051 | 1582.2
4052 | 1583.1
4053 | 1583.2
4054 | 1584.1
4055 | 1584.2
4056 | 1584.3
4057 | 1584.4
4058 | 1585
4059 | 1586.1
4060 | 1586.2
4061 | 1587.1
4062 | 1587.2
4063 | 1587.3
4064 | 1584.5
4065 | 1584.6
4066 | 1588.1
4067 | 1588.2
4068 | 1588.3
4069 | 1588.4
4070 | 1588.5
4071 | 1589.1
4072 | 1589.2
4073 | 1590.1
4074 | 1590.2
4075 | 1591.1
4076 | 1591.2
4077 | 1591.3
4078 | 1591.4
4079 | 1591.5
4080 | 1592
4081 | 1593.1
4082 | 1593.2
4083 | 1594.1
4084 | 1594.2
4085 | 1595
4086 | 1594.3
4087 | 1594.4
4088 | 1596.1
4089 | 1596.2
4090 | 1596.3
4091 | 1596.4
4092 | 1597
4093 | 1598
4094 | 1599.1
4095 | 1599.2
4096 | 1599.3
4097 | 1599.4
4098 | 716.3
4099 | 716.4
4100 | 716.5
4101 | 716.6
4102 | 716.7
4103 | 716.8
4104 | 716.9
4105 | 717.3
4106 | 717.4
4107 | 717.5
4108 | 1600.1
4109 | 1600.2
4110 | 1601.1
4111 | 1601.2
4112 | 1601.3
4113 | 1602
4114 | 1603.1
4115 | 1603.2
4116 | 1603.3
4117 | 1603.4
4118 | 1604.1
4119 | 1604.2
4120 | 1604.3
4121 | 1604.4
4122 | 1605.1
4123 | 1605.2
4124 | 1605.3
4125 | 1606
4126 | 1607
4127 | 1608.1
4128 | 1608.2
4129 | 1608.3
4130 | 1609.1
4131 | 1609.2
4132 | 1610.1
4133 | 1610.2
4134 | 1610.3
4135 | 1610.4
4136 | 1611
4137 | 1612.1
4138 | 1612.2
4139 | 1613
4140 | 1614
4141 | 1615.1
4142 | 1615.2
4143 | 1615.3
4144 | 1615.4
4145 | 1616.1
4146 | 1616.2
4147 | 1616.3
4148 | 1616.4
4149 | 1616.5
4150 | 1617.1
4151 | 1617.2
4152 | 1618.1
4153 | 1618.2
4154 | 1618.3
4155 | 1618.4
4156 | 1618.5
4157 | 1619.1
4158 | 1619.2
4159 | 1619.3
4160 | 1619.4
4161 | 1619.5
4162 | 1619.6
4163 | 1620.1
4164 | 1620.2
4165 | 1620.3
4166 | 1620.4
4167 | 1621.1
4168 | 1621.2
4169 | 1621.3
4170 | 1622.1
4171 | 1622.2
4172 | 1622.3
4173 | 1622.4
4174 | 1622.5
4175 | 1622.6
4176 | 1622.7
4177 | 1623.1
4178 | 1623.2
4179 | 1623.3
4180 | 1623.4
4181 | 1623.5
4182 | 1623.6
4183 | 1623.7
4184 | 1623.8
4185 | 1623.9
4186 | 1624
4187 | 1624
4188 | 1625.1
4189 | 1625.2
4190 | 1625.3
4191 | 1625.4
4192 | 1625.5
4193 | 1625.6
4194 | 1625.7
4195 | 1625.8
4196 | 1625.9
4197 | 1626.1
4198 | 1626.2
4199 | 1626.3
4200 | 1626.4
4201 | 1626.5
4202 | 1626.6
4203 | 1626.7
4204 | 1627.1
4205 | 1627.2
4206 | 1627.3
4207 | 1627.4
4208 | 1627.5
4209 | 1628.1
4210 | 1628.2
4211 | 1628.3
4212 | 1628.4
4213 | 1628.5
4214 | 1628.6
4215 | 1628.7
4216 | 1628.8
4217 | 1628.9
4218 | 1629
4219 | 1630
4220 | 1004.3
4221 | 1004.4
4222 | 1004.5
4223 | 1631
4224 | 1632.1
4225 | 1632.2
4226 | 1633
4227 | 1634.1
4228 | 1634.2
4229 | 1635.1
4230 | 1635.2
4231 | 1636
4232 | 1637.1
4233 | 1637.2
4234 | 1637.3
4235 | 1638.1
4236 | 1638.2
4237 | 1639.1
4238 | 1639.2
4239 | 1639.3
4240 | 1639.4
4241 | 1640.1
4242 | 1640.2
4243 | 1640.3
4244 | 1640.4
4245 | 1641.1
4246 | 1641.2
4247 | 1642
4248 | 1643.1
4249 | 1643.2
4250 | 1644.1
4251 | 1644.2
4252 | 1644.3
4253 | 1645
4254 | 1646.1
4255 | 1646.2
4256 | 1646.3
4257 | 1646.4
4258 | 1646.5
4259 | 1646.6
4260 | 1647.1
4261 | 1647.2
4262 | 1648
4263 | 1649.1
4264 | 1649.2
4265 | 1649.3
4266 | 1649.4
4267 | 1649.5
4268 | 1649.6
4269 | 1649.7
4270 | 1649.8
4271 | 1650.1
4272 | 1650.2
4273 | 1650.3
4274 | 1650.4
4275 | 1651.1
4276 | 1651.2
4277 | 1651.3
4278 | 1651.4
4279 | 1651.5
4280 | 1651.6
4281 | 1652.1
4282 | 1652.2
4283 | 1653.1
4284 | 1653.2
4285 | 1654.1
4286 | 1654.2
4287 | 1654.3
4288 | 1654.4
4289 | 1654.5
4290 | 1654.6
4291 | 1655
4292 | 1656.1
4293 | 1656.2
4294 | 1656.3
4295 | 1656.4
4296 | 1656.5
4297 | 1656.6
4298 | 1657.1
4299 | 1657.2
4300 | 1657.3
4301 | 1658.1
4302 | 1658.2
4303 | 1658.3
4304 | 1658.4
4305 | 1658.5
4306 | 1659.1
4307 | 1659.2
4308 | 1659.3
4309 | 1659.4
4310 | 1659.5
4311 | 1660.1
4312 | 1660.2
4313 | 1661.1
4314 | 1661.2
4315 | 1661.3
4316 | 1662
4317 | 1663
4318 | 1664.1
4319 | 1664.2
4320 | 1665.1
4321 | 1665.2
4322 | 1666.1
4323 | 1666.2
4324 | 1667
4325 | 1501.3
4326 | 1501.4
4327 | 1501.5
4328 | 1501.6
4329 | 1501.7
4330 | 1501.8
4331 | 1502.2
4332 | 1503.4
4333 | 1503.5
4334 | 1503.6
4335 | 1668.1
4336 | 1668.2
4337 | 1668.3
4338 | 997.3
4339 | 997.4
4340 | 997.5
4341 | 997.6
4342 | 1669.1
4343 | 1669.2
4344 | 1669.3
4345 | 1669.4
4346 | 1669.5
4347 | 1669.6
4348 | 1669.7
4349 | 1669.8
4350 | 1670.1
4351 | 1670.2
4352 | 1670.3
4353 | 1671.1
4354 | 1671.2
4355 | 1671.3
4356 | 1671.4
4357 | 1671.5
4358 | 1671.6
4359 | 1671.7
4360 | 1671.8
4361 | 1672.1
4362 | 1672.2
4363 | 1672.3
4364 | 1672.4
4365 | 1672.5
4366 | 1673.1
4367 | 1673.2
4368 | 1673.3
4369 | 1674.1
4370 | 1673.4
4371 | 1674.2
4372 | 1674.3
4373 | 1674.4
4374 | 1675
4375 | 1676.1
4376 | 1676.2
4377 | 1676.3
4378 | 1676.4
4379 | 1677.1
4380 | 1677.2
4381 | 1678.1
4382 | 1678.2
4383 | 1679.1
4384 | 1679.2
4385 | 1679.3
4386 | 1679.4
4387 | 1680.1
4388 | 1680.2
4389 | 1681.1
4390 | 1681.2
4391 | 1681.3
4392 | 1681.4
4393 | 1682.1
4394 | 1682.2
4395 | 1682.3
4396 | 1682.4
4397 | 1683
4398 | 1684.1
4399 | 1684.2
4400 | 1684.3
4401 | 1684.4
4402 | 1684.5
4403 | 1684.6
4404 | 1685.1
4405 | 1685.2
4406 | 1686.1
4407 | 1686.2
4408 | 1687.1
4409 | 1687.2
4410 | 1688.1
4411 | 1688.2
4412 | 1688.3
4413 | 1689
4414 | 1690.1
4415 | 1690.2
4416 | 1690.3
4417 | 1690.4
4418 | 1691.1
4419 | 1691.2
4420 | 1691.3
4421 | 1691.4
4422 | 1691.5
4423 | 1691.6
4424 | 1692.1
4425 | 1692.2
4426 | 1692.3
4427 | 1693
4428 | 1694.1
4429 | 1694.2
4430 | 1694.3
4431 | 1695.1
4432 | 1695.2
4433 | 1696.1
4434 | 1696.2
4435 | 1697
4436 | 1698
4437 | 1699.1
4438 | 1699.2
4439 | 1699.3
4440 | 1700.1
4441 | 1700.2
4442 | 1700.3
4443 | 1701
4444 | 1702
4445 | 1703.1
4446 | 1703.2
4447 | 1703.3
4448 | 1704.1
4449 | 1704.2
4450 | 1705.1
4451 | 1705.2
4452 | 1706.1
4453 | 1706.2
4454 | 1706.3
4455 | 1706.4
4456 | 1706.5
4457 | 1707.1
4458 | 1707.2
4459 | 1707.3
4460 | 1708
4461 | 1709.1
4462 | 1709.2
4463 | 1709.3
4464 | 1709.4
4465 | 1710.1
4466 | 1710.2
4467 | 1710.3
4468 | 1710.4
4469 | 1710.5
4470 | 1711.1
4471 | 1711.2
4472 | 1712
4475 | 1713.1
4476 | 1713.2
4473 | 1713.3
4474 | 1713.4
4477 | 1714.1
4478 | 1714.2
4479 | 1714.3
4480 | 1714.4
4481 | 1715.1
4482 | 1715.2
4483 | 593.6
4484 | 593.7
4485 | 593.8
4486 | 593.9
4487 | 1716.1
4488 | 1716.2
4489 | 1716.3
4490 | 1717.1
4491 | 1717.2
4492 | 1718.1
4493 | 1718.2
4494 | 1719
4495 | 1720.1
4496 | 1720.2
4497 | 1721
4498 | 1722.1
4499 | 1722.2
4500 | 1722.3
4501 | 1722.4
4502 | 1722.5
4503 | 1722.6
4504 | 1722.7
4505 | 1722.8
4506 | 1723.1
4507 | 1723.2
4508 | 1723.3
4509 | 1724
4510 | 1725
4513 | 48.2
4514 | 48.3
4515 | 48.4
4516 | 1727
4517 | 1728
4518 | 1729
4519 | 1730.1
4520 | 1730.2
4521 | 1731.1
4522 | 1731.2
4523 | 1731.3
4524 | 1731.4
4525 | 1732
4526 | 1733.1
4527 | 1733.2
4528 | 1734
4529 | 1735.1
4530 | 1735.2
4531 | 1735.3
4532 | 1735.4
4533 | 1736.1
4534 | 1736.2
4535 | 1736.3
4536 | 1737
4537 | 1738.1
4538 | 1738.2
4539 | 1739
4540 | 1740
4541 | 1741
4542 | 1742.1
4543 | 1742.2
4544 | 1742.3
4545 | 1742.4
4546 | 1743
4547 | 1744.1
4548 | 1744.2
4549 | 1745.1
4550 | 1745.2
4551 | 1745.3
4552 | 1746.1
4553 | 1746.2
4554 | 1746.3
4555 | 1747
4556 | 1748.1
4557 | 1748.2
4558 | 1749.1
4559 | 1749.2
4560 | 1749.3
4561 | 1749.4
4562 | 1749.5
4563 | 1750.1
4564 | 1750.2
4565 | 1750.3
4566 | 1751.1
4567 | 1751.2
4568 | 1751.3
4569 | 1752
4570 | 1753.1
4571 | 1753.2
4572 | 1754
4573 | 1755
4574 | 1756
4575 | 1757.1
4576 | 1757.2
4577 | 1757.3
4578 | 1757.4
4586 | 1762.1
4587 | 1762.2
4588 | 1763
4589 | 1764.1
4590 | 1764.2
4591 | 1765
4592 | 1766.1
4593 | 1766.2
4594 | 1767.1
4595 | 1767.2
4596 | 1768.1
4597 | 1768.2
4598 | 1769.1
4599 | 1769.2
4600 | 1769.3
4601 | 1769.4
4602 | 1770
4603 | 1771.1
4604 | 1771.2
4605 | 1772.1
4606 | 1772.2
4607 | 1773.1
4608 | 1773.2
4609 | 1774.1
4610 | 1774.2
4611 | 1774.3
4612 | 1775.1
4613 | 1775.2
4614 | 1775.3
4615 | 1776.1
4616 | 1776.2
4617 | 1776.3
4618 | 1776.4
4619 | 1777
4620 | 1778
4621 | 1779
4622 | 1780.1
4623 | 1780.2
4624 | 1780.3
4625 | 1781.1
4626 | 1781.2
4627 | 1782.1
4628 | 1782.2
4629 | 1783.1
4630 | 1783.2
4631 | 1783.3
4632 | 1784
4633 | 1785.1
4634 | 1785.2
4635 | 1785.3
4636 | 1785.4
4637 | 1786.1
4638 | 1786.2
4639 | 1787
4640 | 1788
4641 | 1789
4642 | 1790.1
4643 | 1790.2
4644 | 1790.3
4645 | 1791
4646 | 1792.1
4647 | 1792.2
4648 | 1793
4649 | 1794.1
4650 | 1794.2
4651 | 1794.3
4652 | 1794.4
4653 | 1795
4654 | 1796.1
4655 | 1796.2
4656 | 1797.1
4657 | 1797.2
4658 | 1797.3
4659 | 1798.1
4660 | 1798.2
4661 | 1799
4662 | 1800.1
4663 | 1800.2
4664 | 1801
4665 | 1365.7
4666 | 1365.8
4667 | 1365.9
4668 | 1802.1
4669 | 1802.2
4670 | 1803.1
4671 | 1803.2
4672 | 1804
4673 | 1805.1
4674 | 1805.2
4675 | 1805.3
4676 | 1805.4
4677 | 1806
4679 | 1808
4680 | 1809.1
4681 | 1809.2
4682 | 1810
4683 | 1811
4684 | 1812.1
4685 | 1812.2
4686 | 1812.3
4687 | 1812.4
4688 | 1812.5
4689 | 1812.6
4690 | 1812.7
4691 | 1812.8
4692 | 1254.2
4693 | 1254.3
4694 | 1813
4695 | 1814.1
4696 | 1814.2
4697 | 1815.1
4698 | 1815.2
4699 | 1816
4700 | 1817
4701 | 1818.1
4702 | 1818.2
4703 | 1819
4704 | 1820
4705 | 1821.1
4706 | 1821.2
4707 | 1821.3
4708 | 1821.4
4709 | 1821.5
4710 | 1821.6
4711 | 1822.1
4712 | 1822.2
4713 | 1823.1
4714 | 1823.2
4715 | 1652.3
4716 | 1652.4
4717 | 1824.1
4718 | 1824.2
4719 | 1825
4720 | 1826
4721 | 1827
4722 | 1828.1
4723 | 1828.2
4724 | 1829.1
4725 | 1829.2
4726 | 1829.3
4727 | 1829.4
4728 | 1829.5
4729 | 142.5
4730 | 142.6
4731 | 142.7
4732 | 142.8
4733 | 1830
4734 | 1831.1
4735 | 1831.2
4736 | 1831.3
4737 | 1831.4
4738 | 1832.1
4739 | 1832.2
4740 | 1832.3
4741 | 1832.4
4742 | 1832.5
4743 | 1833.1
4744 | 1833.2
4745 | 1833.3
4746 | 1834
4747 | 1835.1
4748 | 1835.2
4749 | 1835.3
4750 | 1835.4
4751 | 1835.5
4752 | 1835.6
4753 | 1835.7
4754 | 1836
4755 | 1837.1
4756 | 1837.2
4757 | 1837.3
4758 | 1838.1
4759 | 1838.2
4760 | 1838.3
4761 | 1838.4
4762 | 1838.5
4763 | 1839.1
4764 | 1839.2
4765 | 1840.1
4766 | 1840.2
4767 | 1840.3
4768 | 1709.5
4769 | 1709.6
4770 | 1709.7
4771 | 1709.8
4773 | 1842.1
4774 | 1842.2
4775 | 1843
4776 | 1844.1
4777 | 1844.2
4778 | 1844.3
4779 | 1845.1
4780 | 1845.2
4781 | 1845.3
4782 | 1846.1
4783 | 1846.2
4796 | 1852.1
4797 | 1852.2
4798 | 1852.3
4799 | 1853
4800 | 1854.1
4801 | 1854.2
4802 | 1854.3
4803 | 1854.4
4804 | 1855.1
4805 | 1855.2
4806 | 1855.3
4807 | 1856.1
4808 | 1856.2
4809 | 1856.3
4810 | 1856.4
4811 | 1856.5
4812 | 1856.6
4813 | 1856.7
4814 | 1856.8
4815 | 1857.1
4816 | 1857.2
4817 | 1858.1
4818 | 1858.2
4819 | 1859.1
4820 | 1859.2
4821 | 1859.3
4822 | 1860.1
4823 | 1860.2
4824 | 1861
4825 | 1862
4826 | 1863.1
4827 | 1863.2
4828 | 1863.3
4829 | 1353.3
4830 | 1353.4
4831 | 1864
4832 | 1865.1
4833 | 1865.2
4834 | 1866.1
4835 | 1866.2
4836 | 1867
4837 | 1868.1
4838 | 1868.2
4839 | 1869.1
4840 | 1869.2
4841 | 1869.3
4842 | 1869.4
4843 | 1870.1
4844 | 1870.2
4856 | 1875.1
4857 | 1875.2
4858 | 1875.3
4859 | 1876.1
4860 | 1876.2
4861 | 1876.3
4862 | 1876.4
4863 | 1876.5
4864 | 1876.6
4865 | 1876.7
4866 | 1876.8
4867 | 1877.1
4868 | 1877.2
4869 | 1878.1
4870 | 1878.2
4871 | 1879.1
4872 | 1879.2
4873 | 1880
4874 | 1881.1
4875 | 1881.2
4876 | 1882
4877 | 1883.1
4878 | 1883.2
4879 | 1884
4880 | 1885.1
4881 | 1885.2
4882 | 1885.3
4883 | 1886.1
4884 | 1886.2
4885 | 1887
4886 | 1888.1
4887 | 1888.2
4888 | 1888.3
4889 | 1889.1
4890 | 1889.2
4891 | 1889.3
4892 | 1890.1
4893 | 1890.2
4894 | 1890.3
4895 | 1891.1
4896 | 1891.2
4897 | 1892.1
4898 | 1892.2
4899 | 1893.1
4900 | 1893.2
4901 | 1894
4902 | 1895.1
4903 | 1895.2
4904 | 1896.1
4905 | 1896.2
4906 | 1896.3
4907 | 1896.4
4908 | 1897.1
4909 | 1897.2
4910 | 1897.3
4911 | 1898.1
4912 | 1898.2
4913 | 1899
4914 | 1900
4915 | 1901
4916 | 1902
4917 | 678.4
4918 | 1903
4919 | 1904.1
4920 | 1904.2
4921 | 1904.3
4922 | 1904.4
4923 | 1905.1
4924 | 1905.2
4925 | 1906.1
4926 | 1906.2
4927 | 1907.1
4928 | 1907.2
4929 | 1908
4930 | 1909
4931 | 1910
4932 | 1911.1
4933 | 1911.2
4934 | 1912.1
4935 | 1912.2
4936 | 1912.3
4937 | 1912.4
4938 | 1913.1
4939 | 1913.2
4940 | 1914.1
4941 | 1915.1
4942 | 1915.2
4943 | 1915.3
4944 | 1916.1
4945 | 1916.2
4946 | 1917
4947 | 1918.1
4948 | 1918.2
4949 | 1919
4959 | 1926.1
4960 | 1926.2
4961 | 1927
4962 | 1928.1
4963 | 1928.2
4964 | 717.6
4965 | 717.7
4966 | 717.8
4967 | 717.9
4968 | 718
4969 | 718.1
4970 | 718.2
4971 | 718
4972 | 1929.1
4973 | 1929.2
4974 | 1929.3
4975 | 1929.4
4976 | 1929.5
4977 | 1929.6
4978 | 1929.7
4979 | 1929.8
4980 | 1929.9
4981 | 1930.1
4982 | 1930.2
4983 | 1930.3
4984 | 1930.4
4985 | 1931.1
4986 | 1931.2
4987 | 1931.3
4988 | 1932.1
4989 | 1932.2
4990 | 1932.3
4991 | 1932.4
4992 | 1933.1
4993 | 1933.2
4994 | 1934.1
4995 | 1934.2
4996 | 1934.3
4997 | 1934.4
4998 | 1935.1
4999 | 1935.2
5000 | 1935.3
5001 | 1935.4
5002 | 1935.5
5003 | 1935.6
5004 | 1935.7
5005 | 1407.9
5006 | 1409.7
5007 | 1936
5008 | 561.3
5009 | 561.4
5010 | 1937.1
5011 | 1937.2
5012 | 1938.1
5013 | 1938.2
5014 | 1938.3
5015 | 1938.4
5016 | 1938.5
5017 | 1939
5018 | 1802.3
5019 | 1802.4
5020 | 1940.1
5021 | 1940.2
5022 | 1941.1
5023 | 1941.2
5024 | 1941.3
5025 | 1942.1
5026 | 1942.2
5027 | 1943.1
5028 | 1943.2
5029 | 1943.3
5030 | 1943.4
5031 | 1943.5
5032 | 1944.1
5033 | 1944.2
5034 | 1945.1
5035 | 1946.1
5036 | 1946.2
5037 | 1945.2
5038 | 1945.3
5039 | 1947
5040 | 1948
5041 | 1949
5042 | 1950
5043 | 1951.1
5044 | 1951.2
5045 | 1952.1
5046 | 1952.2
5047 | 1952.3
5048 | 1953.1
5049 | 1953.2
5050 | 1954.1
5051 | 1954.2
5052 | 1954.3
5053 | 1954.4
5054 | 1954.5
5055 | 1955.1
5056 | 1955.2
5057 | 1956.1
5058 | 1956.2
5059 | 1956.3
5060 | 1957
5061 | 1958.1
5062 | 1958.2
5063 | 1959
5064 | 1960.1
5065 | 1960.2
5066 | 1960.3
5067 | 1960.4
5068 | 1960.5
5069 | 1961.1
5070 | 1961.2
5071 | 1961.3
5072 | 1961.4
5073 | 1961.5
5074 | 1961.6
5075 | 1961.7
5076 | 1961.8
5077 | 1961.9
5078 | 1962.1
5079 | 1962.2
5080 | 1962.3
5081 | 1962.4
5082 | 1963
5083 | 1964
5084 | 1965.1
5085 | 1965.2
5086 | 1965.3
5087 | 1966.1
5088 | 1966.2
5089 | 1966.3
5090 | 1966.4
5091 | 1967
5092 | 1968.1
5093 | 1968.2
5094 | 1968.3
5095 | 1968.4
5096 | 1968.5
5097 | 1969.1
5098 | 1969.2
5099 | 1969.3
5100 | 1970.1
5101 | 1970.2
5102 | 1970.3
5103 | 1971
5104 | 1972.1
5105 | 1972.2
5106 | 1972.3
5107 | 1972.4
5108 | 1973
5109 | 1974
5110 | 1975.1
5111 | 1975.2
5112 | 1975.3
5113 | 1975.4
5114 | 977.3
5115 | 977.4
5116 | 1976
5117 | 1977.1
5118 | 1977.2
5119 | 1977.3
5120 | 1977.4
5121 | 1977.5
5122 | 1977.6
5123 | 1977.7
5124 | 1978.1
5125 | 1978.2
5126 | 1978.3
5127 | 1979.1
5128 | 1979.2
5129 | 1979.3
5130 | 1979.4
5131 | 1980.1
5132 | 1980.2
5133 | 1980.3
5134 | 1980.4
5135 | 1980.5
5136 | 1980.6
5137 | 1981
5138 | 1980.7
5139 | 1982
5140 | 1983
5141 | 1984
5142 | 1985.1
5143 | 1985.2
5144 | 1985.3
5145 | 1986.1
5146 | 1986.2
5147 | 1986.3
5148 | 1986.4
5149 | 1987.1
5150 | 1987.2
5151 | 1987.3
5152 | 1987.4
5153 | 1987.5
5154 | 1988.1
5155 | 1988.2
5156 | 1988.3
5157 | 1988.4
5158 | 1988.5
5159 | 1988.6
5160 | 1988.7
5161 | 1989
5162 | 1990.1
5163 | 1990.2
5164 | 1991.1
5165 | 1991.2
5166 | 1992.1
5167 | 1992.2
5168 | 1993.1
5169 | 1993.2
5170 | 1993.3
5171 | 1994
5172 | 1995.1
5173 | 1995.2
5174 | 1995.3
5175 | 1995.4
5176 | 1995.5
5177 | 1995.6
5178 | 17.4
5179 | 17.5
5180 | 17.6
5181 | 17.7
5182 | 1996.1
5183 | 1996.2
5184 | 1996.3
5185 | 1996.4
5186 | 1997.1
5187 | 1997.2
5188 | 1997.3
5189 | 1997.4
5190 | 1997.5
5191 | 1997.6
5192 | 1997.7
5193 | 1997.8
5194 | 1997.9
5195 | 1998
5211 | 2001.1
5212 | 2001.2
5213 | 2001.3
5214 | 1733.3
5215 | 1733.4
5216 | 1733.5
5217 | 2002
5218 | 2003.1
5219 | 2003.2
5220 | 2003.3
5221 | 2003.4
5222 | 2003.5
5223 | 2003.6
5224 | 2003.7
5225 | 2003.8
5226 | 2004.1
5227 | 2004.2
5228 | 2004.3
5229 | 2004.4
5230 | 2004.5
5231 | 2005.1
5232 | 2005.2
5233 | 2006.1
5234 | 2006.2
5235 | 2006.3
5236 | 2007
5237 | 2008
5238 | 2009.1
5239 | 2009.2
5240 | 168.2
5241 | 168.3
5242 | 2010.1
5243 | 2010.2
5244 | 2011.1
5245 | 2011.2
5246 | 2012.1
5247 | 2012.2
5248 | 2012.3
5249 | 2012.4
5250 | 2012.5
5251 | 2012.6
5252 | 2012.7
5253 | 2013.1
5254 | 2013.2
5255 | 2014.1
5256 | 2014.2
5257 | 2015
5258 | 2016
5259 | 2017.1
5260 | 2017.2
5261 | 2017.3
5262 | 2018.1
5263 | 2018.2
5264 | 2019
5265 | 2020.1
5266 | 2020.2
5267 | 2020.3
5268 | 2021
5269 | 2022.1
5270 | 2022.2
5271 | 2023.1
5272 | 2023.2
5273 | 2023.3
5274 | 2024.1
5275 | 2024.2
5276 | 2024.3
5277 | 2025.1
5278 | 2025.2
5279 | 2026
5280 | 2027.1
5281 | 2027.2
5282 | 2027.3
5283 | 2027.4
5284 | 2027.5
5285 | 267.4
5286 | 2028.1
5287 | 2028.2
5288 | 2028.3
5289 | 2029.1
5290 | 2029.2
5291 | 2029.3
5292 | 2030.1
5293 | 2030.2
5294 | 2031.1
5295 | 2031.2
5296 | 2032.1
5297 | 2032.2
5298 | 2032.3
5299 | 2032.4
5300 | 2033.1
5301 | 2033.2
5302 | 2033.3
5303 | 2033.4
5304 | 2033.5
5305 | 2033.6
5306 | 2034
5307 | 2035.1
5308 | 2035.2
5309 | 2036.1
5310 | 2036.2
5311 | 2036.3
5312 | 2037
5313 | 2038.1
5314 | 2038.2
5315 | 2039
5316 | 2040.1
5317 | 2040.2
5318 | 2040.3
5319 | 2040.4
5320 | 2040.5
5321 | 2040.6
5322 | 2040.7
5323 | 2040.8
5324 | 2040.9
5325 | 2041.1
5326 | 2041.2
5327 | 2041.3
5328 | 2042.1
5329 | 2042.2
5330 | 2043
5331 | 2044.1
5332 | 2044.2
5333 | 2045.1
5334 | 2045.2
5335 | 2045.3
5336 | 2046.1
5337 | 2046.2
5338 | 2047.1
5339 | 2047.2
5340 | 2047.3
5341 | 2048
5342 | 2049.1
5343 | 2049.2
5344 | 2049.3
5345 | 2049.4
5346 | 2049.5
5347 | 2049.6
5348 | 2049.7
5349 | 2050
5350 | 2051.1
5351 | 2051.2
5352 | 2052.1
5353 | 2052.2
5354 | 2052.3
5355 | 2052.4
5356 | 2053.1
5357 | 2053.2
5358 | 2053.3
5359 | 2054.1
5360 | 2054.2
5361 | 2054.3
5362 | 2055.1
5363 | 2055.2
5364 | 2056
5365 | 2057.1
5366 | 2057.2
5367 | 2058
5368 | 2059.1
5369 | 2059.2
5370 | 2059.3
5371 | 2059.4
5372 | 2060.1
5373 | 2060.2
5374 | 2060.3
5375 | 2061.1
5376 | 2061.2
5377 | 2062.1
5378 | 2062.2
5379 | 2063
5380 | 2064.1
5381 | 2064.2
5382 | 2064.3
5383 | 2064.4
5384 | 2064.5
5385 | 2065.1
5386 | 2065.2
5387 | 2065.3
5388 | 2066.1
5389 | 2066.2
5390 | 2066.3
5391 | 2066.4
5392 | 2066.5
5393 | 2066.6
5394 | 2067.1
5395 | 2067.2
5396 | 2067.3
5397 | 2067.4
5398 | 2067.5
5399 | 2067.6
5400 | 2067.7
5401 | 2068.1
5402 | 2068.2
5403 | 2068.3
5404 | 2068.4
5405 | 2068.5
5406 | 2068.6
5407 | 2068.7
5408 | 2068.8
5409 | 2069.1
5410 | 2069.2
5411 | 2069.3
5412 | 2069.4
5413 | 2069.5
5414 | 2069.6
5415 | 2069.7
5416 | 2069.8
5417 | 2069.9
5418 | 2070
5419 | 2070
5420 | 2071.1
5421 | 2071.2
5422 | 2071.3
5423 | 2071.4
5424 | 2072
5425 | 2073
5426 | 2074
5427 | 2075.1
5428 | 2075.2
5429 | 2076.1
5430 | 2076.2
5431 | 2076.3
5432 | 2076.4
5433 | 2076.5
5434 | 2077.1
5435 | 2077.2
5436 | 2077.3
5437 | 2078.1
5438 | 2078.2
5439 | 2078.3
5440 | 2079.1
5441 | 2079.2
5442 | 2080.1
5443 | 2080.2
5444 | 2080.3
5445 | 2081
5446 | 2082.1
5447 | 2082.2
5448 | 2082.3
5449 | 2083.1
5450 | 2083.2
5451 | 2083.3
5452 | 2084
5453 | 2085.1
5454 | 2085.2
5455 | 2085.3
5456 | 2085.4
5457 | 2085.5
5458 | 2085.6
5459 | 2085.7
5460 | 2085.8
5461 | 2085.9
5462 | 2086
5463 | 2087.1
5464 | 2087.2
5465 | 2088.1
5466 | 2088.2
5467 | 2088.3
5468 | 2088.4
5469 | 2088.5
5470 | 2089.1
5471 | 2089.2
5472 | 2090
5473 | 2091.1
5474 | 2091.2
5475 | 2091.3
5476 | 2091.4
5477 | 2091.5
5478 | 2092.1
5479 | 2092.2
5480 | 2092.3
5481 | 2092.4
5482 | 2092.5
5483 | 2093.1
5484 | 2093.2
5485 | 2093.3
5486 | 2094.1
5487 | 2094.2
5488 | 2094.3
5489 | 2095
5490 | 2078.4
5491 | 2078.5
5492 | 2078.6
5493 | 2078.7
5494 | 2096
5495 | 2097.1
5496 | 2097.2
5497 | 2098.1
5498 | 2098.2
5499 | 2099.1
5500 | 2099.2
5501 | 2099.3
5502 | 2099.4
5503 | 2099.5
5504 | 2100.1
5505 | 2100.2
5506 | 2101.1
5507 | 2101.2
5508 | 2102.1
5509 | 2102.2
5510 | 2103
5511 | 2104.1
5512 | 2104.2
5513 | 2105
5514 | 2106.1
5515 | 2106.2
5516 | 2106.3
5517 | 2106.4
5518 | 2106.5
5519 | 2106.6
5520 | 2107.1
5521 | 2107.2
5522 | 2107.3
5523 | 2107.4
5524 | 2107.5
5525 | 2107.6
5526 | 2107.7
5527 | 2107.8
5528 | 2107.9
5529 | 2108.1
5530 | 2108.2
5531 | 2108.3
5532 | 2108.4
5533 | 2108.5
5534 | 2108.6
5535 | 2108.7
5536 | 2108.8
5537 | 2109.1
5538 | 2109.2
5539 | 2109.3
5540 | 2110
5546 | 2113.1
5547 | 2113.2
5548 | 2114
5549 | 2115
5550 | 2116.1
5551 | 2116.2
5552 | 2117
5553 | 2118
5554 | 2119.1
5555 | 2119.2
5556 | 2119.3
5557 | 2119.4
5558 | 2119.5
5559 | 2120.1
5560 | 2120.2
5561 | 2120.3
5562 | 2120.4
5563 | 2121.1
5564 | 2121.2
5565 | 2122.1
5566 | 2122.2
5567 | 2122.3
5568 | 2123.1
5569 | 2123.2
5570 | 2123.3
5571 | 2124.1
5572 | 2124.2
5573 | 2125.1
5574 | 2125.2
5575 | 2125.3
5576 | 2125.4
5577 | 2126
5578 | 2127.1
5579 | 2127.2
5580 | 2127.3
5581 | 2127.4
5582 | 2128.1
5583 | 2129
5584 | 2130.1
5585 | 2130.2
5586 | 2131
5587 | 2132
5588 | 2133.1
5589 | 2133.2
5590 | 2133.3
5591 | 2133.4
5592 | 2133.5
5593 | 2133.6
5594 | 2133.7
5595 | 2133.8
5596 | 2133.9
5597 | 2134
5598 | 2135
5599 | 2136.1
5600 | 2136.2
5601 | 2137.1
5602 | 2137.2
5603 | 2138
5604 | 2139.1
5605 | 2139.2
5606 | 2140
5607 | 2141
5608 | 2142.1
5609 | 2142.2
5610 | 2143.1
5611 | 2143.2
5612 | 2144.1
5613 | 2144.2
5614 | 2144.3
5615 | 2145
5616 | 2146.1
5617 | 2146.2
5618 | 2146.3
5619 | 2147
5620 | 2148
5621 | 2149
5622 | 2150
5623 | 2151
5624 | 2152.1
5625 | 2152.2
5626 | 2153.1
5627 | 2153.2
5628 | 2153.3
5629 | 2153.4
5630 | 2153.5
5631 | 2153.6
5632 | 2153.7
5633 | 2154
5634 | 2155.1
5635 | 2155.2
5636 | 2155.3
5637 | 2155.4
5638 | 2156.1
5639 | 2156.2
5640 | 2156.3
5641 | 2157
5642 | 2158.1
5643 | 2158.2
5644 | 2159.1
5645 | 2159.2
5646 | 2160
5647 | 2161.1
5648 | 2161.2
5649 | 2161.3
5650 | 2162.1
5651 | 2162.2
5652 | 2163.1
5653 | 2163.2
5654 | 2164.1
5655 | 2164.2
5656 | 2165.1
5657 | 2165.2
5658 | 2165.3
5659 | 2165.4
5660 | 2166
5661 | 2167.1
5662 | 2167.2
5663 | 2168.1
5664 | 2168.2
5665 | 2168.3
5666 | 2169.1
5667 | 2169.2
5668 | 2170.1
5669 | 2170.2
5670 | 2170.3
5671 | 2170.4
5672 | 2170.5
5673 | 2171
5674 | 2172.1
5675 | 2172.2
5676 | 2172.3
5677 | 2173
5678 | 2174
5679 | 2175.1
5680 | 2175.2
5681 | 2176.1
5682 | 2176.2
5683 | 2177.1
5684 | 2177.2
5685 | 2177.3
5686 | 2177.4
5687 | 2177.5
5688 | 2178
5689 | 2179
5690 | 2180
5691 | 2181
5692 | 2182.1
5693 | 2182.2
5694 | 2183.1
5695 | 2183.2
5696 | 2184.1
5697 | 2184.2
5698 | 2184.3
5699 | 2185
5700 | 2186
5701 | 2187
5702 | 2188
5703 | 2189.1
5704 | 2189.2
5705 | 2190.1
5706 | 2190.2
5707 | 2191.1
5708 | 2191.2
5709 | 2191.3
5710 | 2191.4
5711 | 2191.5
5712 | 2191.6
5713 | 2191.7
5714 | 2192.1
5715 | 2192.2
5716 | 2192.3
5717 | 2193.1
5718 | 2193.2
5719 | 2194
5720 | 2195.1
5721 | 2195.2
5722 | 2195.3
5723 | 2196.1
5724 | 2196.2
5725 | 2197
5726 | 2198
5727 | 2199.1
5728 | 2199.2
5729 | 2199.3
5730 | 2199.4
5731 | 2199.5
5732 | 2200
5733 | 2201.1
5734 | 2201.2
5735 | 2201.3
5736 | 2201.4
5737 | 2202
5738 | 2203.1
5739 | 2203.2
5740 | 2203.3
5741 | 2204
5742 | 2205.1
5743 | 2205.2
5744 | 2206
5745 | 2207.1
5746 | 2207.2
5747 | 2207.3
5748 | 2208
5749 | 1202.4
5750 | 1577.4
5751 | 2209.1
5752 | 2209.2
5753 | 2209.3
5754 | 2209.4
5755 | 2210.1
5756 | 2210.2
5757 | 2211.1
5758 | 2211.2
5759 | 2212.1
5760 | 2212.2
5761 | 2213
5762 | 287.4
5763 | 2214.1
5764 | 2214.2
5765 | 287.5
5766 | 2215.1
5767 | 2215.2
5768 | 2215.3
5769 | 2216
5770 | 2217.1
5771 | 2217.2
5772 | 2218.1
5773 | 2218.2
5774 | 2218.3
5775 | 2218.4
5776 | 2218.5
5777 | 2218.6
5778 | 2218.7
5779 | 2218.8
5780 | 2218.9
5781 | 2219.1
5782 | 2219.2
5783 | 2219.3
5784 | 2219.4
5785 | 2219.5
5786 | 2219.6
5787 | 2219.7
5788 | 2220.1
5789 | 2220.2
5790 | 2220.3
5791 | 2221.1
5792 | 2221.2
5793 | 2221.3
5794 | 2220.4
5795 | 2222.1
5796 | 2222.2
5797 | 2222.3
5798 | 2223.1
5799 | 2223.2
5800 | 2224.1
5801 | 2224.2
5802 | 2223.3
5803 | 2223.4
5804 | 2225.1
5805 | 2225.2
5806 | 2225.3
5807 | 2225.4
5808 | 2225.5
5809 | 2225.6
5810 | 2226.1
5811 | 2226.2
5812 | 2227
5813 | 537.3
5814 | 537.4
5815 | 537.5
5816 | 2228.1
5817 | 2228.2
5818 | 2228.3
5819 | 2229.1
5820 | 2229.2
5821 | 2230
5822 | 2231
5823 | 2232.1
5824 | 2232.2
5825 | 2233.1
5826 | 2233.2
5827 | 2233.3
5828 | 2233.4
5829 | 2233.5
5830 | 2233.6
5831 | 2233.7
5832 | 2233.8
5833 | 2233.9
5834 | 2234.1
5835 | 2234.2
5836 | 2234.3
5837 | 2235
5838 | 2234.4
5839 | 2236.1
5840 | 2236.2
5841 | 2236.3
5842 | 2237.1
5843 | 2237.2
5844 | 2238
5845 | 2239
5846 | 2240.1
5847 | 2240.2
5848 | 2240.3
5849 | 2241.1
5850 | 2241.2
5851 | 2241.3
5852 | 2242.1
5853 | 2242.2
5854 | 2242.3
5855 | 2243.1
5856 | 2243.2
5857 | 2243.3
5858 | 2243.4
5859 | 2244
5860 | 2245.1
5861 | 2245.2
5862 | 2246.1
5863 | 2246.2
5864 | 2246.3
5865 | 2246.4
5866 | 2246.5
5867 | 2247.1
5868 | 2247.2
5869 | 2247.3
5870 | 2247.4
5871 | 2247.5
5872 | 2248.1
5873 | 2248.2
5874 | 2249.1
5875 | 2249.2
5876 | 2249.3
5877 | 2249.4
5878 | 2250.1
5879 | 2250.2
5880 | 2251
5881 | 2252.1
5882 | 2252.2
5883 | 2253
5884 | 2254
5885 | 2255.1
5886 | 2255.2
5887 | 2255.3
5888 | 2256.1
5889 | 2256.2
5890 | 2256.3
5891 | 2256.4
5892 | 2256.5
5893 | 2257
5894 | 2258
5895 | 2259
5896 | 2260
5897 | 2261.1
5898 | 2261.2
5899 | 2261.3
5900 | 2261.4
5901 | 2261.5
5902 | 2261.6
5903 | 2261.7
5904 | 2262
5905 | 2263.1
5906 | 2263.2
5907 | 2263.3
5908 | 2263.4
5909 | 2264.1
5910 | 2264.2
5911 | 2263.5
5912 | 2263.6
5913 | 2263.7
5914 | 2263.8
5915 | 2263.9
5916 | 2265.1
5917 | 2265.2
5918 | 2265.3
5919 | 2266.1
5920 | 2266.2
5921 | 2267.1
5922 | 2267.2
5923 | 2268.1
5924 | 2268.2
5925 | 2268.3
5926 | 2268.4
5927 | 2268.5
5928 | 2269.1
5929 | 2269.2
5930 | 2269.3
5931 | 2269.4
5932 | 2270
5933 | 2271
5934 | 2272
5935 | 2273
5936 | 2274
5937 | 2275
5938 | 2276
5939 | 2277
5940 | 2278
5941 | 2279.1
5942 | 2279.2
5943 | 2279.3
5944 | 2279.4
5945 | 2280
5946 | 2281
5947 | 706.3
5948 | 1392.2
5949 | 1392.3
5950 | 843.3
5951 | 843.4
5952 | 843.5
5953 | 2282
5954 | 2283
5955 | 2284.1
5956 | 2284.2
5957 | 2284.3
5958 | 2285
5959 | 2286.1
5960 | 2286.2
5961 | 2286.3
5962 | 2286.4
5963 | 2287.1
5964 | 2287.2
5965 | 2288
5966 | 2289.1
5967 | 2289.2
5968 | 2290
5969 | 2291.1
5970 | 2291.2
5971 | 2292
5972 | 2293
5973 | 2294
5974 | 2295.1
5975 | 2295.2
5976 | 2296.1
5977 | 2296.2
5978 | 2297.1
5979 | 2297.2
5980 | 2297.3
5981 | 2297.4
5982 | 2298.1
5983 | 2298.2
5984 | 2299.1
5985 | 2299.2
5986 | 2299.3
5987 | 2299.4
5988 | 2299.5
5989 | 2300
5990 | 2301.1
5991 | 2301.2
5992 | 2301.3
5993 | 2302.1
5994 | 2302.2
5995 | 2303
6004 | 2306.1
6005 | 2306.2
6006 | 2307.1
6007 | 2307.2
6008 | 2307.3
6009 | 2308.1
6010 | 2308.2
6011 | 2309.1
6012 | 2309.2
6013 | 2309.3
6014 | 2309.4
6015 | 2310.1
6016 | 2309.5
6017 | 2310.2
6018 | 2311.1
6019 | 2311.2
6020 | 2312.1
6021 | 2312.2
6022 | 2313
6023 | 2314.1
6024 | 2314.2
6025 | 2315
6026 | 2316
6027 | 2317
6028 | 2318.1
6029 | 2318.2
6030 | 2319.1
6031 | 2319.2
6032 | 2320
6033 | 2321.1
6034 | 2321.2
6035 | 2322
6036 | 2323.1
6037 | 2323.2
6039 | 2323.3
6040 | 2323.4
6041 | 2323.5
6038 | 2323.6
6042 | 2324
6043 | 2325
6044 | 2326
6045 | 2327.1
6046 | 2327.2
6047 | 2327.3
6048 | 2327.4
6049 | 2327.5
6050 | 2328.1
6051 | 2328.2
6052 | 2329
6053 | 2330.1
6054 | 2330.2
6055 | 2331.1
6056 | 2331.2
6057 | 2332
6058 | 2333.1
6059 | 2333.2
6060 | 2334
6061 | 2335
6062 | 2336.1
6063 | 2336.2
6064 | 2337.1
6065 | 2337.2
6066 | 2337.3
6067 | 2338.1
6068 | 2338.2
6069 | 2338.3
6070 | 2339
6071 | 2340.1
6072 | 2340.2
6073 | 2341.1
6074 | 2341.2
6075 | 2341.3
6076 | 2341.4
6077 | 2341.5
6078 | 2341.6
6079 | 2341.7
6080 | 2342
6081 | 2343.1
6082 | 2343.2
6083 | 2344.1
6084 | 2344.2
6085 | 2344.3
6086 | 2344.4
6087 | 2345
6088 | 2346
6089 | 2347.1
6090 | 2347.2
6091 | 2348
6092 | 2349.1
6093 | 2349.2
6094 | 2350.1
6095 | 2350.2
6096 | 2351.1
6097 | 2351.2
6098 | 2352.1
6099 | 2352.2
6100 | 2353.1
6101 | 2353.2
6102 | 2353.3
6103 | 2353.4
6104 | 2353.5
6105 | 2354.1
6106 | 2354.2
6107 | 2354.3
6108 | 2355
6109 | 2356.1
6110 | 2356.2
6111 | 2356.3
6112 | 2357
6113 | 1337.2
6114 | 1337.3
6115 | 1337.4
6116 | 2358.1
6117 | 2358.2
6118 | 2358.3
6119 | 2359.1
6120 | 2359.2
6121 | 2359.3
6122 | 2359.4
6123 | 2359.5
6124 | 2359.6
6125 | 2360
6126 | 2361
6127 | 2362
6128 | 2363
6129 | 2364
6130 | 2365.1
6131 | 2365.2
6132 | 2365.3
6133 | 2366.1
6134 | 2366.2
6135 | 2366.3
6136 | 2367
6137 | 2368
6138 | 2369.1
6139 | 2369.2
6140 | 2369.3
6141 | 2370
6142 | 151.4
6143 | 151.5
6144 | 151.6
6145 | 2371
6146 | 339.2
6147 | 339.3
6148 | 2372.1
6149 | 2372.2
6150 | 2372.3
6151 | 2373.1
6152 | 2373.2
6153 | 2373.3
6154 | 2373.4
6155 | 2374.1
6156 | 2374.2
6157 | 2375.1
6158 | 2375.2
6159 | 2376
6160 | 2377
6161 | 2378
6162 | 2379
6163 | 2380.1
6164 | 2380.2
6165 | 2380.3
6166 | 2380.4
6167 | 2380.5
6168 | 2380.6
6169 | 2381
6170 | 2382.1
6171 | 2382.2
6172 | 2383.1
6173 | 2383.2
6174 | 2383.3
6175 | 2383.4
6176 | 2383.5
6177 | 2384
6178 | 2385
6179 | 2386.1
6180 | 2386.2
6181 | 2387
6182 | 1028.2
6183 | 2388.1
6184 | 2388.2
6185 | 2388.3
6186 | 2388.4
6187 | 2389.1
6188 | 2389.2
6189 | 2390
6190 | 2391.1
6191 | 2391.2
6192 | 2392.1
6193 | 2392.2
6194 | 2392.3
6195 | 2392.4
6196 | 2393.1
6197 | 2393.2
6198 | 2394.1
6199 | 2394.2
6200 | 2395.1
6201 | 2395.2
6202 | 2396
6203 | 2397
6204 | 2398.1
6205 | 2398.2
6206 | 2399
6207 | 2400.1
6208 | 2400.2
6209 | 2401
6210 | 2402.1
6211 | 2402.2
6212 | 2403.1
6213 | 2403.2
6214 | 2403.3
6215 | 2403.4
6216 | 2403.5
6217 | 2404.1
6218 | 2404.2
6219 | 2404.3
6220 | 2404.4
6221 | 2404.5
6222 | 2405
6223 | 2406
6224 | 2407
6225 | 2408.1
6226 | 2408.2
6227 | 2408.3
6228 | 2408.4
6229 | 2409
6230 | 2410.1
6231 | 2410.2
6232 | 2410.3
6233 | 2411.1
6234 | 2411.2
6235 | 2412.1
6236 | 2412.2
6237 | 2412.3
6238 | 1748.3
6239 | 1748.4
6240 | 2413.1
6241 | 2413.2
6242 | 2414
6243 | 2415.1
6244 | 2415.2
6245 | 2416.1
6246 | 2416.2
6247 | 2417.1
6248 | 2417.2
6249 | 2418.1
6250 | 2418.2
6251 | 2418.3
6252 | 2419.1
6253 | 2419.2
6254 | 2420.1
6255 | 2420.2
6256 | 2421.1
6257 | 2421.2
6258 | 2422.1
6259 | 2422.2
6260 | 2423
6261 | 2424
6262 | 2425.1
6263 | 2425.2
6264 | 2426.1
6265 | 2426.2
6266 | 2427.1
6267 | 2427.2
6268 | 2428.1
6269 | 2428.2
6270 | 2429
6271 | 2430
6272 | 2431
6273 | 2432
6274 | 2433.1
6275 | 2433.2
6276 | 2434
6277 | 2435.1
6278 | 2435.2
6279 | 2435.3
6280 | 2435.4
6281 | 2436
6282 | 2437
6283 | 2438.1
6284 | 2438.2
6285 | 2439.1
6286 | 2439.2
6287 | 2440.1
6288 | 2440.2
6289 | 2441
6290 | 2442.1
6291 | 2442.2
6292 | 2443
6293 | 2444.1
6294 | 2444.2
6295 | 2444.3
6296 | 2444.4
6297 | 2444.5
6298 | 2445
6299 | 2446.1
6300 | 2446.2
6301 | 2447.1
6302 | 2447.2
6303 | 2447.3
6304 | 2447.4
6305 | 2448.1
6306 | 2448.2
6307 | 2449.1
6308 | 2449.2
6309 | 2449.3
6310 | 2449.4
6311 | 2449.5
6312 | 2450.1
6313 | 2450.2
6314 | 2450.3
6315 | 2451
6316 | 2452
6317 | 2453
6318 | 2454
6319 | 2455
6320 | 2456
6321 | 2457
6322 | 2144.4
6323 | 2144.5
6324 | 2458
6325 | 2459
6326 | 2460.1
6327 | 2460.2
6328 | 2460.3
6329 | 2461.1
6330 | 2461.2
6331 | 2461.3
6332 | 2462
6333 | 2463
6334 | 2464.1
6335 | 2464.2
6336 | 2464.3
6337 | 2464.4
6338 | 2464.5
6339 | 2464.6
6340 | 2465.1
6341 | 2465.2
6342 | 799.4
6343 | 799.5
6344 | 799.6
6345 | 2466.1
6346 | 2466.2
6347 | 2467
6348 | 2468.1
6349 | 2468.2
6350 | 2468.3
6351 | 2469.1
6352 | 2469.2
6353 | 2470
6354 | 2471.1
6355 | 2471.2
6356 | 2471.3
6357 | 2471.4
6358 | 2472
6359 | 2473.1
6360 | 2473.2
6361 | 2473.3
6362 | 2474
6363 | 2475.1
6364 | 2475.2
6365 | 2476.1
6366 | 2476.2
6367 | 2476.3
6368 | 2477
6369 | 2478
6370 | 2479.1
6371 | 2479.2
6372 | 2480.1
6373 | 2480.2
6374 | 2480.3
6375 | 2481.1
6376 | 2481.2
6377 | 2481.3
6378 | 2482.1
6379 | 2482.2
6380 | 2483
6381 | 2484.1
6382 | 2484.2
6383 | 2484.3
6384 | 2485.1
6385 | 2485.2
6386 | 2485.3
6387 | 2486.1
6388 | 2486.2
6389 | 2487.1
6390 | 2487.2
6391 | 2488.1
6392 | 2488.2
6393 | 2489.1
6394 | 2489.2
6395 | 2490
6396 | 2491
6397 | 2492.1
6398 | 2492.2
6399 | 2493.1
6400 | 2493.2
6401 | 2494.1
6402 | 2494.2
6403 | 2495
6404 | 2496
6405 | 2497
6406 | 2498
6407 | 2499
6408 | 2500
6409 | 2501
6410 | 2502
6411 | 2503
6412 | 2504
6413 | 2505
6414 | 2506.1
6415 | 2506.2
6416 | 2507
6417 | 2508
6418 | 2509.1
6419 | 2509.2
6420 | 2510
6421 | 2511.1
6422 | 2511.2
6423 | 2511.3
6424 | 2511.4
6425 | 2511.5
6426 | 2511.6
6427 | 2512
6428 | 2513
6429 | 2514.1
6430 | 2514.2
6431 | 2514.3
6432 | 2515
6433 | 2516
6434 | 2517
6435 | 2518.1
6436 | 2518.2
6437 | 2518.3
6438 | 2519
6439 | 2520.1
6440 | 2520.2
6441 | 2521.1
6442 | 2521.2
6443 | 2521.3
6444 | 2522.1
6445 | 2522.2
6446 | 2522.3
6447 | 2522.4
6448 | 2522.5
6449 | 2523
6450 | 2524
6451 | 2525.1
6452 | 2525.2
6453 | 2525.3
6454 | 2526.1
6455 | 2526.2
6456 | 2527.1
6457 | 2527.2
6458 | 2527.3
6459 | 2527.4
6460 | 2527.5
6461 | 2527.6
6462 | 2528
6463 | 2529.1
6464 | 2529.2
6465 | 2530
6466 | 2531
6467 | 2532.1
6468 | 2532.2
6469 | 2533.1
6470 | 2533.2
6471 | 2533.3
6472 | 2533.4
6473 | 2534.1
6474 | 2534.2
6475 | 2535.1
6476 | 2535.2
6477 | 2535.3
6478 | 2536
6479 | 2537.1
6480 | 2537.2
6481 | 2538.1
6482 | 2538.2
6483 | 2538.3
6484 | 2538.4
6485 | 2539
6486 | 2538.5
6487 | 2540
6488 | 2541.1
6489 | 2541.2
6490 | 2542.1
6491 | 2542.2
6492 | 2542.3
6493 | 2543.1
6494 | 2543.2
6495 | 2544
6496 | 2545
6497 | 2546.1
6498 | 2546.2
6499 | 2547
6500 | 2548.1
6501 | 2548.2
6502 | 2548.3
6503 | 2548.4
6504 | 2549.1
6505 | 2549.2
6506 | 2549.3
6507 | 2549.4
6508 | 2550.1
6509 | 2550.2
6510 | 2551.1
6511 | 2551.2
6512 | 2551.3
6513 | 2552.1
6514 | 2552.2
6515 | 2552.3
6516 | 2553.1
6517 | 2553.2
6518 | 2554
6519 | 2555
6520 | 2556.1
6521 | 2556.2
6522 | 2556.3
6523 | 2557.1
6524 | 2557.2
6525 | 2558.1
6526 | 2558.2
6527 | 2558.3
6528 | 2558.4
6529 | 2558.5
6530 | 2559.1
6531 | 2559.2
6532 | 2560.1
6533 | 2560.2
6534 | 2561
6535 | 2562
6536 | 2563.1
6537 | 2563.2
6538 | 2563.3
6539 | 2563.4
6540 | 2563.5
6541 | 2564.1
6542 | 2564.2
6543 | 2564.3
6544 | 2565.1
6545 | 2565.2
6546 | 2565.3
6547 | 2565.4
6548 | 2566
6549 | 2567.1
6550 | 2567.2
6551 | 2568.1
6552 | 2568.2
6553 | 2568.3
6554 | 2568.4
6555 | 2568.5
6556 | 2569
6557 | 2570.1
6558 | 2570.2
6559 | 2571.1
6560 | 2571.2
6561 | 2572.1
6562 | 2572.2
6563 | 2572.3
6564 | 2572.4
6565 | 2572.5
6566 | 2572.6
6567 | 2572.7
6568 | 2573
6569 | 2574
6570 | 2575
6571 | 2576
6572 | 2577.1
6573 | 2577.2
6574 | 2577.3
6575 | 2577.4
6576 | 2578
6577 | 2579
6578 | 2580
6579 | 2581
6580 | 2582
6581 | 2583
6582 | 2584.1
6583 | 2584.2
6584 | 2584.3
6585 | 2585
6586 | 2586.1
6587 | 2586.2
6588 | 2586.3
6589 | 2586.4
6590 | 2586.5
6591 | 2587
6592 | 2588
6593 | 2589
6594 | 2590.1
6595 | 2590.2
6596 | 2591.1
6597 | 2591.2
6598 | 2592.1
6599 | 2592.2
6600 | 2592.3
6601 | 2593
6602 | 2594.1
6603 | 2594.2
6604 | 2595.1
6605 | 2595.2
6606 | 2596.1
6607 | 2596.2
6608 | 2597.1
6609 | 2597.2
6610 | 2598.1
6611 | 2598.2
6612 | 2598.3
6613 | 2599
6614 | 2600.1
6615 | 2600.2
6616 | 2601.1
6617 | 2602.1
6618 | 2602.2
6619 | 2601.2
6620 | 2601.3
6621 | 2601.4
6622 | 2601.5
6623 | 2601.6
6624 | 2601.7
6625 | 2602.3
6626 | 2602.4
6627 | 2603
6628 | 2604.1
6629 | 2604.2
6630 | 2526.3
6631 | 2526.4
6632 | 2526.5
6633 | 2605.1
6634 | 2605.2
6635 | 2605.3
6636 | 2606
6637 | 2607.1
6638 | 2607.2
6639 | 2607.3
6640 | 2607.4
6641 | 2608.1
6642 | 2608.2
6643 | 2609.1
6644 | 2609.2
6645 | 2609.3
6646 | 2610.1
6647 | 2610.2
6648 | 2610.3
6649 | 2611.1
6650 | 2611.2
6651 | 2612.1
6652 | 2612.2
6653 | 2612.3
6654 | 2612.4
6655 | 2612.5
6656 | 2612.6
6657 | 2613.1
6658 | 2613.2
6659 | 2613.3
6660 | 2613.4
6661 | 2614.1
6662 | 2614.2
6663 | 2614.3
6664 | 2615.1
6665 | 2615.2
6666 | 2616.1
6667 | 2616.2
6668 | 2617
6669 | 1914.2
6670 | 1914.3
6671 | 1914.4
6672 | 1914.5
6673 | 2618.1
6674 | 2618.2
6675 | 2242.4
6676 | 2242.5
6677 | 2242.6
6678 | 2242.7
6679 | 2619.1
6680 | 2620
6681 | 2621
6682 | 2622
6683 | 2623.1
6684 | 2623.2
6685 | 2624.1
6686 | 2624.2
6687 | 2625.1
6688 | 2625.2
6689 | 2625.3
6690 | 2626
6691 | 2627
6692 | 2628
6693 | 2629
6694 | 2630
6695 | 2631
6696 | 2632.1
6697 | 2632.2
6698 | 2632.3
6699 | 2633
6700 | 2634
6701 | 2635.1
6702 | 2635.2
6703 | 2636.1
6704 | 2636.2
6705 | 2637.1
6706 | 2637.2
6707 | 2637.3
6708 | 2638.1
6709 | 2638.2
6710 | 2639.1
6711 | 2639.2
6712 | 2639.3
6713 | 2639.4
6714 | 2639.5
6715 | 2639.6
6716 | 2639.7
6717 | 2639.8
6718 | 2640.1
6719 | 2640.2
6720 | 2641
6721 | 2642.1
6722 | 2642.2
6723 | 2643.1
6724 | 2643.2
6725 | 2644
6726 | 2645.1
6727 | 2645.2
6728 | 2645.3
6729 | 2645.4
6730 | 2646
6731 | 2647.1
6732 | 2647.2
6733 | 2647.3
6734 | 2647.4
6735 | 2648.1
6736 | 2648.2
6737 | 2649.1
6738 | 2649.2
6739 | 2650
6740 | 2651
6741 | 112.2
6742 | 2652.1
6743 | 2652.2
6744 | 2652.3
6745 | 2652.4
6746 | 2652.5
6747 | 2652.6
6748 | 2653.1
6749 | 2653.2
6750 | 2654
6751 | 2655
6752 | 2656
6753 | 2657.1
6754 | 2657.2
6755 | 2658.1
6756 | 2658.2
6757 | 2658.3
6758 | 2658.4
6759 | 2658.5
6760 | 2658.6
6761 | 2658.7
6762 | 2659.1
6763 | 2659.2
6764 | 2659.3
6765 | 2660
6766 | 2661
6767 | 2662.1
6768 | 2662.2
6769 | 2662.3
6770 | 2663.1
6771 | 2663.2
6772 | 2663.3
6773 | 2663.4
6774 | 2664
6775 | 2665
6776 | 2666
6777 | 2667.1
6778 | 2667.2
6779 | 2667.3
6780 | 2668
6781 | 2669.1
6782 | 2669.2
6783 | 2669.3
6784 | 2670
6785 | 2671.1
6786 | 2671.2
6787 | 2671.3
6788 | 2672.1
6789 | 2672.2
6790 | 2672.3
6791 | 2672.4
6792 | 157.4
6793 | 157.5
6794 | 157.6
6795 | 157.7
6796 | 2673.1
6797 | 2673.2
6798 | 2673.3
6799 | 2673.4
6800 | 1017.5
6801 | 1017.6
6802 | 1017.7
6803 | 1017.8
6804 | 2674
6805 | 2675.1
6806 | 2675.2
6807 | 2675.3
6808 | 2676
6809 | 2677.1
6810 | 2677.2
6811 | 2678
6812 | 2679.1
6813 | 2679.2
6814 | 2680.1
6815 | 2680.2
6816 | 2680.3
6817 | 2681.1
6818 | 2681.2
6819 | 2682
6820 | 2683.1
6821 | 2683.2
6822 | 2684.1
6823 | 2684.2
6824 | 2684.3
6825 | 2684.4
6826 | 2685.1
6827 | 2685.2
6828 | 2686
6829 | 2675.4
6830 | 2675.5
6831 | 2675.6
6832 | 2675.7
6833 | 2687.1
6834 | 2687.2
6835 | 2688.1
6836 | 2688.2
6837 | 2688.3
6838 | 2688.4
6839 | 2689
6840 | 2690.1
6841 | 2690.2
6842 | 2691
6843 | 2692
6844 | 2693.1
6845 | 2693.2
6846 | 2694
6847 | 2695
6848 | 2696
6849 | 2697.1
6850 | 2697.2
6851 | 2697.3
6852 | 2698
6853 | 2699.1
6854 | 2699.2
6855 | 2700.1
6856 | 2700.2
6857 | 2701
6858 | 2702.1
6859 | 2702.2
6860 | 2702.3
6861 | 2703
6862 | 2704.1
6863 | 2704.2
6864 | 2704.3
6865 | 2704.4
6866 | 2704.5
6867 | 2704.6
6868 | 2704.7
6869 | 2705.1
6870 | 2705.2
6871 | 589.2
6872 | 589.3
6873 | 2706.1
6874 | 2706.2
6875 | 2706.3
6876 | 2706.4
6877 | 2707
6878 | 2708.1
6879 | 2708.2
6880 | 2709.1
6881 | 2709.2
6882 | 2710.1
6883 | 2710.2
6884 | 2710.3
6885 | 2710.4
6886 | 2710.5
6887 | 2711
6888 | 2712
6889 | 2713.1
6890 | 2713.2
6891 | 2713.3
6892 | 2714.1
6893 | 2714.2
6894 | 2715
6895 | 2716.1
6896 | 2716.2
6897 | 2716.3
6898 | 2716.4
6899 | 2717
6900 | 2718
6901 | 2719.1
6902 | 2719.2
6903 | 2720
6904 | 2721.1
6905 | 2721.2
6906 | 2722
6907 | 2723.1
6908 | 2723.2
6909 | 2723.3
6910 | 2724
6911 | 2725.1
6912 | 2725.2
6913 | 2726.1
6914 | 2726.2
6915 | 2727.1
6916 | 2727.2
6917 | 2727.3
6918 | 2728.1
6919 | 2728.2
6920 | 2729
6921 | 2730.1
6922 | 2730.2
6923 | 2730.3
6924 | 2730.4
6925 | 2731.1
6926 | 2731.2
6927 | 2732.1
6928 | 2732.2
6929 | 2733
6930 | 2732.3
6931 | 2732.4
6932 | 2734.1
6933 | 2734.2
6934 | 2735.1
6935 | 2735.2
6936 | 2735.3
6937 | 2736
6938 | 2737.1
6939 | 2737.2
6940 | 2737.3
6941 | 2737.4
6942 | 2738
6943 | 2739.1
6944 | 2739.2
6945 | 2740
6946 | 2741.1
6947 | 2741.2
6948 | 2742
6949 | 2743.1
6950 | 2743.2
6951 | 2743.3
6952 | 2675.8
6953 | 2675.9
6954 | 2676
6955 | 2744.1
6956 | 2744.2
6957 | 2744.3
6958 | 2745
6959 | 2746
6960 | 2747.1
6961 | 2747.2
6962 | 2747.3
6963 | 2748.1
6964 | 2748.2
6965 | 2749
6966 | 2750.1
6967 | 2750.2
6968 | 2750.3
6969 | 2751.1
6970 | 2751.2
6971 | 2751.3
6972 | 2752.1
6973 | 2752.2
6974 | 2752.3
6975 | 2753.1
6976 | 2753.2
6977 | 2753.3
6978 | 2754
6979 | 2755
6980 | 2756.1
6981 | 2756.2
6982 | 2619.2
6983 | 2756.3
6984 | 2757.1
6985 | 2757.2
6986 | 2758.1
6987 | 2758.2
6988 | 2758.3
6989 | 2759.1
6990 | 2759.2
6991 | 2760.1
6992 | 2760.2
6993 | 2760.3
6994 | 2760.4
6995 | 2761.1
6996 | 2762.1
6997 | 2761.2
6998 | 2762.2
6999 | 2761.3
7000 | 2761.4
7001 | 2763.1
7004 | 2763.2
7005 | 2763.3
7006 | 2764
7007 | 2765
7002 | 2763.4
7003 | 2763.5
7008 | 2766.1
7009 | 2766.2
7010 | 2766.3
7011 | 2767.1
7012 | 2767.2
7013 | 2767.3
7014 | 2767.4
7015 | 2768
7017 | 2769.1
7018 | 2769.2
7019 | 2769.3
7021 | 2770.1
7022 | 2770.2
7023 | 2771
7024 | 2772
7025 | 2773.1
7026 | 2773.2
7027 | 2774.1
7028 | 2774.2
7029 | 2775.1
7030 | 2775.2
7031 | 2776.1
7032 | 2776.2
7033 | 2777
7034 | 2778
7035 | 2779.1
7036 | 2779.2
7037 | 2779.3
7038 | 2780.1
7039 | 2780.2
7040 | 2781
7041 | 2782
7042 | 2783
7043 | 2784.1
7044 | 2784.2
7045 | 2785
7046 | 2786.1
7047 | 2786.2
7048 | 2786.3
7049 | 2786.4
7050 | 2787
7051 | 2788.1
7052 | 2788.2
7053 | 2788.3
7054 | 2789
7055 | 2790
7056 | 2791
7057 | 2792
7058 | 2793
7059 | 2794.1
7060 | 2794.2
7061 | 2794.3
7062 | 2795.1
7063 | 2795.2
7064 | 2796
7065 | 2797
7066 | 2798.1
7067 | 2798.2
7068 | 2798.3
7069 | 2798.4
7070 | 2799
7071 | 2800.1
7072 | 2800.2
7073 | 2800.3
7074 | 2801.1
7075 | 2801.2
7076 | 2802.1
7077 | 2802.2
7078 | 2802.3
7079 | 2803
7080 | 2804.1
7081 | 2804.2
7082 | 2804.3
7083 | 2805.1
7084 | 2805.2
7085 | 2805.3
7086 | 2805.4
7087 | 2806
7088 | 2807
7089 | 2808.1
7090 | 2808.2
7091 | 2808.3
7092 | 2809.1
7093 | 2809.2
7094 | 2810.1
7095 | 2810.2
7096 | 2810.3
7097 | 2810.4
7098 | 2811.1
7099 | 2811.2
7100 | 2811.3
7101 | 2811.4
7102 | 2811.5
7103 | 2812.1
7104 | 2812.2
7105 | 2813.1
7106 | 2813.2
7107 | 2813.3
7108 | 2814.1
7109 | 2814.2
7110 | 2815
7111 | 2816.1
7112 | 2816.2
7113 | 2816.3
7114 | 2816.4
7115 | 2816.5
7116 | 2816.6
7117 | 2816.7
7118 | 2817.1
7119 | 2817.2
7120 | 2816.8
7121 | 2817.3
7122 | 2818.1
7123 | 2818.2
7124 | 2819.1
7125 | 2819.2
7126 | 2820
7127 | 2821.1
7128 | 2821.2
7129 | 2821.3
7130 | 2822
7131 | 2823
7132 | 2824.1
7133 | 2824.2
7134 | 2824.3
7135 | 2825
7136 | 2826.1
7137 | 2826.2
7138 | 2827
7139 | 2828
7140 | 2829
7141 | 2830
7142 | 2831.1
7143 | 2831.2
7144 | 2831.3
7145 | 2832
7146 | 2833
7147 | 2834.1
7148 | 2834.2
7149 | 2834.3
7150 | 2834.4
7151 | 2834.5
7152 | 2835.1
7153 | 2835.2
7154 | 2835.3
7155 | 2835.4
7156 | 2836
7157 | 2837
7158 | 2838.1
7159 | 2838.2
7160 | 2838.3
7161 | 2839
7162 | 2840
7163 | 2841
7164 | 2842
7165 | 2843.1
7166 | 2843.2
7167 | 2844.1
7168 | 2844.2
7169 | 2845.1
7170 | 2845.2
7171 | 2845.3
7172 | 2846.1
7173 | 2846.2
7174 | 2846.3
7175 | 2846.4
7176 | 2847
7177 | 2848.1
7178 | 2848.2
7179 | 2848.3
7180 | 2848.4
7181 | 2849.1
7182 | 2849.2
7183 | 2850.1
7184 | 2850.2
7185 | 2851
7186 | 2852
7187 | 2853.1
7188 | 2853.2
7189 | 2853.3
7190 | 2854
7191 | 2855
7192 | 2856.1
7193 | 2856.2
7194 | 2128.2
7195 | 2857.1
7196 | 2857.2
7197 | 2858
7198 | 2859.1
7199 | 2859.2
7200 | 2860.1
7201 | 2860.2
7202 | 2861
7203 | 2862.1
7204 | 2862.2
7205 | 2863
7206 | 2864
7207 | 2865.1
7208 | 2865.2
7209 | 2865.3
7210 | 2865.4
7211 | 2866.1
7212 | 2866.2
7213 | 2867
7214 | 2868
7215 | 2869
7216 | 2870.1
7217 | 2870.2
7218 | 2870.3
7219 | 2871.1
7220 | 2871.2
7221 | 2872
7222 | 2873
7223 | 2874
7224 | 2875
7225 | 2876.1
7226 | 2876.2
7227 | 2876.3
7228 | 2876.4
7229 | 2877.1
7230 | 2877.2
7231 | 2877.3
7232 | 2878.1
7233 | 2878.2
7234 | 2879
7235 | 2880.1
7236 | 2880.2
7237 | 2880.3
7238 | 2880.4
7239 | 2881
7240 | 2882.1
7241 | 2882.2
7242 | 2883.1
7243 | 2883.2
7244 | 2884
7245 | 2885.1
7246 | 2885.2
7247 | 2886.1
7248 | 2886.2
7249 | 2886.3
7250 | 2887.1
7251 | 2887.2
7252 | 2888.1
7253 | 2888.2
7254 | 2888.3
7255 | 2888.4
7256 | 157.8
7257 | 157.9
7258 | 2889.1
7259 | 2889.2
7260 | 2890.1
7261 | 2890.2
7262 | 2891.1
7263 | 2891.2
7264 | 2891.3
7265 | 2891.4
7266 | 2891.5
7267 | 2892
7268 | 144.4
7269 | 144.5
7270 | 144.6
7271 | 2893
7272 | 2894.1
7273 | 2894.2
7274 | 2894.3
7275 | 2894.4
7276 | 2895
7277 | 2896
7278 | 2897
7279 | 2898.1
7280 | 2898.2
7281 | 2899.1
7282 | 2899.2
7283 | 2899.3
7284 | 2900
7285 | 2901.1
7286 | 2901.2
7287 | 2901.3
7288 | 2901.4
7289 | 2902
7290 | 2903
7291 | 2904
7292 | 2905.1
7293 | 2905.2
7294 | 2905.3
7295 | 2905.4
7296 | 2905.5
7297 | 2905.6
7298 | 2906
7299 | 2907.1
7300 | 2907.2
7301 | 158
7302 | 158.1
7303 | 2908.1
7304 | 2908.2
7305 | 2909.1
7306 | 2909.2
7307 | 2909.3
7308 | 2910
7309 | 2911
7310 | 2912.1
7311 | 2912.2
7312 | 2912.3
7313 | 2912.4
7314 | 2912.5
7315 | 2913.1
7316 | 2913.2
7317 | 2914.1
7318 | 2914.2
7319 | 2914.3
7320 | 2915.1
7321 | 2915.2
7322 | 2916.1
7323 | 2916.2
7324 | 2916.3
7325 | 2917.1
7326 | 2917.2
7327 | 2918.1
7328 | 2918.2
7329 | 2918.3
7330 | 2919
7344 | 2924.1
7345 | 2924.2
7346 | 2925
7347 | 2926
7348 | 2927.1
7349 | 2927.2
7350 | 2927.3
7351 | 2928.1
7352 | 2928.2
7353 | 2929
7354 | 2930.1
7355 | 2931
7356 | 169.4
7357 | 2930.2
7358 | 2930.3
7359 | 2932.1
7360 | 2932.2
7361 | 169.5
7362 | 169.6
7363 | 2933.1
7364 | 2933.2
7365 | 2933.3
7366 | 2934.1
7367 | 2934.2
7368 | 2934.3
7369 | 2935.1
7370 | 2935.2
7371 | 2935.3
7372 | 2936
7373 | 2937.1
7374 | 2937.2
7375 | 2938.1
7376 | 2938.2
7377 | 2938.3
7378 | 2939.1
7379 | 2939.2
7380 | 2939.3
7381 | 2940.1
7382 | 2940.2
7383 | 2941.1
7384 | 2941.2
7385 | 2941.3
7386 | 2942.1
7387 | 2942.2
7388 | 2942.3
7389 | 2942.4
7390 | 2943.1
7391 | 2943.2
7392 | 2944
7393 | 2945.1
7394 | 2945.2
7395 | 2946.1
7396 | 2946.2
7397 | 2947.1
7398 | 2947.2
7399 | 2947.3
7400 | 2948.1
7401 | 2948.2
7402 | 2949
7403 | 2950
7404 | 2951.1
7405 | 2951.2
7406 | 2951.3
7407 | 2951.4
7408 | 2951.5
7409 | 2952
7410 | 2953.1
7411 | 2953.2
7412 | 2953.3
7413 | 2954
7414 | 2955.1
7415 | 2955.2
7416 | 2955.3
7417 | 2956
7418 | 2957.1
7419 | 2957.2
7420 | 2958.1
7421 | 2958.2
7422 | 2959.1
7423 | 2959.2
7424 | 2960
7425 | 2961.1
7426 | 2961.2
7427 | 2962
7428 | 2963.1
7429 | 2963.2
7430 | 2963.3
7431 | 2964
7432 | 2965
7433 | 2966.1
7434 | 2966.2
7435 | 2967.1
7436 | 2967.2
7437 | 2967.3
7438 | 2968
7439 | 2969
7440 | 1055.2
7441 | 1055.3
7442 | 1055.4
7443 | 2970.1
7444 | 2970.2
7445 | 2970.3
7446 | 2970.4
7464 | 2980.1
7465 | 2980.2
7466 | 2981.1
7467 | 2981.2
7468 | 2982
7469 | 2983
7470 | 533.3
7471 | 533.4
7472 | 533.5
7473 | 2984.1
7474 | 2984.2
7475 | 2985
7476 | 2986
7477 | 2987.1
7478 | 2987.2
7479 | 2987.3
7480 | 2987.4
7481 | 2988.1
7482 | 2988.2
7483 | 2989.1
7484 | 2989.2
7485 | 2990
7486 | 2991.1
7487 | 2991.2
7488 | 2992
7489 | 2993
7490 | 2994
7491 | 2995.1
7492 | 2995.2
7493 | 2995.3
7494 | 2995.4
7495 | 2996
7496 | 2997.1
7497 | 2997.2
7498 | 2998.1
7499 | 2998.2
7500 | 2999
7501 | 3000.1
7502 | 3000.2
7503 | 3000.3
7504 | 3001
7505 | 3002.1
7506 | 3002.2
7507 | 3002.3
7508 | 3003
7509 | 2493.3
7510 | 3004
7511 | 3005
7512 | 3006
7513 | 3007
7514 | 3008
7515 | 3009
7516 | 3010
7517 | 3011
7518 | 3012
7519 | 3013
7520 | 3014
7521 | 2009.3
7522 | 2009.4
7523 | 3015
7524 | 3016
7525 | 3017.1
7526 | 3017.2
7527 | 3017.3
7528 | 3018.1
7529 | 3018.2
7530 | 3018.3
7531 | 3018.4
7532 | 3018.5
7533 | 3019.1
7534 | 3019.2
7535 | 3019.3
7536 | 3020
7537 | 3021.1
7538 | 3021.2
7539 | 3022.1
7540 | 3022.2
7541 | 3023.1
7542 | 3023.2
7543 | 3023.3
7544 | 3023.4
7545 | 3023.5
7546 | 3024.1
7547 | 3024.2
7548 | 3025
7549 | 3026
7550 | 3027
7551 | 3028
7552 | 3029.1
7553 | 3029.2
7554 | 3030.1
7555 | 3030.2
7557 | 3030.3
7556 | 3030.4
7558 | 3031
7559 | 3032.1
7560 | 3032.2
7561 | 3032.3
7562 | 3033.1
7563 | 3033.2
4511 | 1726.1
4512 | 1726.2
4579 | 1758
4580 | 1759.1
4581 | 1759.2
4582 | 1759.3
4583 | 1760.1
4584 | 1760.2
4585 | 1761
4784 | 1847.1
4785 | 1847.2
4786 | 1848.1
4787 | 1848.2
4788 | 1848.3
4789 | 1848.4
4790 | 1849.1
4791 | 1849.2
4792 | 1850
4793 | 1851.1
4794 | 1851.2
4795 | 1851.3
4845 | 1871.1
4846 | 1871.2
4847 | 1872.1
4848 | 1872.2
4849 | 1873.1
4850 | 1873.2
4851 | 1873.3
4852 | 1873.4
4853 | 1873.5
4854 | 1874.1
4855 | 1874.2
4950 | 1920
4951 | 1921.1
4952 | 1921.2
4953 | 1922
4954 | 1923
4955 | 1037.3
4956 | 1037.4
4957 | 1924
4958 | 1925
4772 | 1841